


Kalamazoo
Jeremiah_Vincent	13	339	0.77	0.23	118	18	21	0.86	3	11	6	55	12	43
Tanner_Blyly	25	755	0.73	0.30	238	80	63	1.27	36	34	0	105	16	89
KaLeif_Gaines	12	124	0.65	0.03	38	7	20	0.35	7	10	0	15	1	14
Alex_Dykema	2	16	0.44	0.25	2	0	0	-	0	0	0	4	0	4
Brennen_Buszka	22	261	0.70	0.32	39	24	26	0.92	8	12	3	46	19	27
Roger_Hood	25	523	0.83	0.15	190	22	65	0.34	16	25	8	95	24	71
Jarnard_Smith	16	177	0.51	-.01	67	12	27	0.44	6	17	0	14	2	12
Dan_Black	13	36	0.05	0.06	2	2	5	0.40	0	3	0	7	1	6
Ben_Reiter	25	634	1.01	0.28	270	36	44	0.82	33	16	3	113	11	102
Charlie_Carson	17	97	0.70	0.21	30	9	8	1.12	4	4	1	8	0	8
Andrew_Sheckell	25	239	0.33	0.05	48	3	24	0.12	6	16	2	31	7	24
Jordan_Currie	16	218	0.39	0.15	30	10	17	0.59	2	9	4	30	4	26
Jack_Smith	25	550	0.53	0.12	149	39	42	0.93	9	22	3	41	9	32
Thomas_Cook	16	89	0.36	0.15	19	1	7	0.14	0	3	2	15	6	9
Merritt_Hamann	23	240	0.56	0.20	62	9	22	0.41	4	6	4	47	12	35
Jimmy_Paprocki	25	688	1.11	0.21	316	23	65	0.35	15	31	18	120	41	79
Owen_Jozefowicz	6	13	0.93	0.23	4	0	1	0	0	0	1	2	1	1
Team_Totals	25	400	0.74	0.20	1622	295	460	0.65	149	219	55	748	166	582

Kalamazoo_1
Jeremiah_Vincent	13	108	45	63	41.7%	45.4%	77	37	40	48%	31	8	23	25.8%	31	20	11	64.5%	4	17	15
Tanner_Blyly	25	234	92	142	39.3%	44.4%	154	68	86	44.2%	80	24	56	30%	47	30	17	63.8%	4	36	72
KaLeif_Gaines	12	37	10	27	27%	32.4%	25	6	19	24%	12	4	8	33.3%	17	14	3	82.4%	0	13	13
Alex_Dykema	2	1	1	0	100%	100%	1	1	0	100%	0	0	0	-	0	0	0	-	0	0	1
Brennen_Buszka	22	25	10	15	40%	40%	21	10	11	47.6%	4	0	4	0%	27	19	8	70.4%	0	18	18
Roger_Hood	25	150	63	87	42%	47.3%	101	47	54	46.5%	49	16	33	32.6%	67	48	19	71.6%	8	45	59
Jarnard_Smith	16	71	25	46	35.2%	39.4%	54	19	35	35.2%	17	6	11	35.3%	18	11	7	61.1%	1	16	20
Dan_Black	13	5	1	4	20%	20%	3	1	2	33.3%	2	0	2	0%	0	0	0	-	0	0	3
Ben_Reiter	25	209	88	121	42.1%	52.2%	96	46	50	47.9%	113	42	71	37.2%	70	52	18	74.3%	4	51	60
Charlie_Carson	17	31	10	21	32.3%	38.7%	13	6	7	46.2%	18	4	14	22.2%	6	6	0	100%	0	5	7
Andrew_Sheckell	25	40	16	24	40%	53.8%	14	5	9	35.7%	26	11	15	42.3%	8	5	3	62.5%	0	7	44
Jordan_Currie	16	23	10	13	43.5%	52.2%	12	6	6	50%	11	4	7	36.4%	8	6	2	75%	0	9	12
Jack_Smith	25	128	54	74	42.2%	50.8%	64	32	32	50%	64	22	42	34.4%	26	19	7	73.1%	6	21	45
Thomas_Cook	16	22	7	15	31.8%	36.4%	15	5	10	33.3%	7	2	5	28.6%	11	3	8	27.3%	1	8	17
Merritt_Hamann	23	55	28	27	50.9%	51.8%	50	27	23	54%	5	1	4	20%	7	5	2	71.4%	1	5	39
Jimmy_Paprocki	25	185	122	63	66%	66%	185	122	63	66%	0	0	0	-	119	72	47	60.5%	9	108	78
Owen_Jozefowicz	6	2	1	1	50%	50%	2	1	1	50%	0	0	0	-	5	2	3	40%	1	3	0
Team_Totals	25	1326	583	743	44%	49.4%	887	439	448	49.5%	439	144	295	32.8%	467	312	155	66.8%	39	362	503
_
©2004-2018_Synergy_Sports_Technology,_LLC._All_Rights_Reserved
v-1.0.100	_	_