NorthPark
Toby_Marek	16	188	0.59	0.23	44	13	10	1.30	7	4	1	13	9	4
Matt_Szuba	25	656	0.77	0.33	199	57	42	1.36	10	28	13	118	20	98
Jack_Gurvey	25	531	0.48	0.30	79	54	32	1.69	20	12	2	56	16	40
Josh_Washburn	8	112	0.60	0.16	30	4	8	0.50	10	3	0	6	0	6
Mirsad_Mackic	1	9	0.33	0.33	0	1	0	-	0	0	0	1	0	1
Colin_Lake	26	897	1.16	0.20	519	54	52	1.04	33	28	0	86	19	67
Aaron_Reed	26	391	0.58	0.27	79	22	26	0.85	16	16	8	52	13	39
Quinn_Williams	10	65	0.16	0	14	5	10	0.50	2	7	0	5	1	4
Antonio_Gardner	20	158	0.56	0.13	52	9	8	1.12	2	5	0	11	4	7
Jarrod_Coleman	11	65	0.47	0.40	6	1	2	0.50	1	0	3	19	1	18
Jason_Hines	23	238	0.62	0.14	84	6	19	0.32	5	5	3	36	8	28
Cardell_Simmons	4	22	0.97	0.23	5	0	3	0	1	2	0	7	2	5
Jelani_Sankey	4	26	0.08	-.04	4	0	2	0	0	1	0	3	0	3
Matt_Mohr	13	252	0.78	0.59	42	19	9	2.11	7	3	13	71	18	53
Isaiah_Webster	9	36	0.61	0.39	8	5	0	-	1	1	0	1	1	0
Nicolai_Foss	3	1	-.80	0	0	0	0	-	0	0	0	0	0	0
Vegard_Tangen	23	366	0.49	0.20	85	12	17	0.71	6	4	1	54	15	39
Billy_Kirby	26	755	0.84	0.21	287	53	45	1.18	13	25	3	93	20	73
Raysean_Jones	2	8	0.27	0.13	1	0	1	0	0	0	0	2	1	1
Scott_Olsen	22	211	0.29	0.17	35	5	5	1	1	4	3	23	4	19
Dyron_Woods	20	191	0.71	0.24	77	8	16	0.50	8	8	1	31	12	19
Khalen_Davis	3	12	0.64	-.50	7	0	3	0	0	0	0	0	0	0
Jonathon_Mcdonald	1	6	-.12	0.33	0	0	0	-	0	0	0	2	0	2
Team_Totals	26	520	0.72	0.25	1657	328	318	1.06	143	156	51	690	164	526

NorthPark_1
Toby_Marek	16	47	15	32	31.9%	37.2%	23	10	13	43.5%	24	5	19	20.8%	13	9	4	69.2%	3	14	21
Matt_Szuba	25	159	66	93	41.5%	56.3%	45	19	26	42.2%	114	47	67	41.2%	23	20	3	87%	0	18	49
Jack_Gurvey	25	81	27	54	33.3%	45.7%	14	7	7	50%	67	20	47	29.8%	6	5	1	83.3%	0	11	31
Josh_Washburn	8	27	10	17	37%	44.4%	11	6	5	54.6%	16	4	12	25%	8	6	2	75%	0	3	10
Mirsad_Mackic	1	0	0	0	-	-	0	0	0	-	0	0	0	-	0	0	0	-	0	0	1
Colin_Lake	26	439	172	267	39.2%	48.1%	216	94	122	43.5%	223	78	145	35%	118	97	21	82.2%	13	107	46
Aaron_Reed	26	66	29	37	43.9%	50.8%	40	20	20	50%	26	9	17	34.6%	19	12	7	63.2%	0	19	38
Quinn_Williams	10	21	5	16	23.8%	28.6%	7	3	4	42.9%	14	2	12	14.3%	7	2	5	28.6%	1	6	8
Antonio_Gardner	20	48	18	30	37.5%	49%	19	7	12	36.8%	29	11	18	37.9%	9	5	4	55.6%	1	9	17
Jarrod_Coleman	11	10	2	8	20%	25%	2	1	1	50%	8	1	7	12.5%	3	1	2	33.3%	0	2	7
Jason_Hines	23	73	30	43	41.1%	51.4%	35	15	20	42.9%	38	15	23	39.5%	18	9	9	50%	2	11	37
Cardell_Simmons	4	8	0	8	0%	0%	5	0	5	0%	3	0	3	0%	5	5	0	100%	0	4	2
Jelani_Sankey	4	6	2	4	33.3%	33.3%	2	2	0	100%	4	0	4	0%	0	0	0	-	0	0	1
Matt_Mohr	13	52	18	34	34.6%	36.5%	35	16	19	45.7%	17	2	15	11.8%	5	4	1	80%	2	9	31
Isaiah_Webster	9	9	4	5	44.4%	44.4%	8	4	4	50%	1	0	1	0%	0	0	0	-	0	1	4
Nicolai_Foss	3	1	0	1	0%	0%	0	0	0	-	1	0	1	0%	0	0	0	-	0	0	0
Vegard_Tangen	23	77	33	44	42.9%	51.3%	45	20	25	44.4%	32	13	19	40.6%	13	6	7	46.2%	0	11	36
Billy_Kirby	26	235	104	131	44.3%	50.4%	149	75	74	50.3%	86	29	57	33.7%	68	50	18	73.5%	9	55	40
Raysean_Jones	2	3	0	3	0%	0%	3	0	3	0%	0	0	0	-	2	1	1	50%	0	1	4
Scott_Olsen	22	44	13	31	29.6%	39.8%	11	4	7	36.4%	33	9	24	27.3%	2	0	2	0%	0	1	17
Dyron_Woods	20	83	36	47	43.4%	43.4%	77	36	41	46.8%	6	0	6	0%	8	5	3	62.5%	0	9	28
Khalen_Davis	3	6	2	4	33.3%	41.7%	3	1	2	33.3%	3	1	2	33.3%	2	2	0	100%	0	1	5
Jonathon_Mcdonald	1	3	0	3	0%	0%	3	0	3	0%	0	0	0	-	0	0	0	-	0	0	0
Team_Totals	26	1498	586	912	39.1%	47.3%	753	340	413	45.2%	745	246	499	33%	329	239	90	72.6%	31	292	433
_
©2004-2018_Synergy_Sports_Technology,_LLC._All_Rights_Reserved
v-1.0.100	_	_