
GustavusAdolphus
Sam_DuBois	17	145	0.34	0.17	21	13	8	1.62	1	4	0	11	2	9
Zach_Bloemker	21	332	0.62	0.07	127	28	37	0.76	7	15	0	21	5	16
Kelsey_Thomas	23	531	1.30	0.48	262	70	58	1.21	27	25	10	133	23	110
Austin_Goetz	24	641	0.44	0.30	60	58	25	2.32	21	13	2	58	22	36
Isaac_Douglas	4	10	-.28	-.20	0	0	1	0	0	1	0	0	0	0
CJ_Woda	21	194	0.67	0.34	52	9	10	0.90	9	6	2	35	11	24
Charlie_Krambeer	19	210	0.52	0.27	43	9	11	0.82	11	7	0	31	7	24
Spencer_Tollefson	24	399	0.63	0.24	99	31	25	1.24	14	12	1	48	7	41
Riley_Sharbono	24	721	1.09	0.18	341	25	44	0.57	12	20	7	112	16	96
Coleman_Sweeney	6	5	1.66	2	0	2	1	2	2	0	0	3	1	2
Logan_Rezach	1	2	0	0	0	0	0	-	0	0	0	0	0	0
Vannis_Smith	24	515	0.67	0.17	202	32	41	0.78	14	18	5	52	16	36
Rezac_Logan	2	4	-.20	0.25	0	0	0	-	0	0	0	1	0	1
Schuyler_Thompson	16	149	0.44	0.19	37	9	12	0.75	1	3	1	25	5	20
Jason_Faul	24	626	1.02	0.42	243	48	27	1.78	23	19	4	122	43	79
Brandon_Snoberger	19	246	0.89	0.33	92	16	15	1.07	9	7	2	39	18	21
Bobby_Brooks	2	4	0.30	0.50	0	0	0	-	1	0	0	0	0	0
Leif_Engen	3	5	0.02	0.20	0	0	0	-	0	0	0	1	0	1
Peter_Lundquist	13	80	1.35	0.51	39	5	1	5	1	0	1	22	7	15
Josh_Kirk	1	3	-.30	0	0	0	0	-	0	0	0	0	0	0
Team_Totals	24	525	0.81	0.28	1618	355	328	1.12	153	150	35	714	183	531

GustavusAdolphus_1
Sam_DuBois	17	19	9	10	47.4%	52.6%	14	7	7	50%	5	2	3	40%	4	1	3	25%	0	4	10
Zach_Bloemker	21	112	43	69	38.4%	49.6%	34	18	16	52.9%	78	25	53	32%	25	16	9	64%	3	22	26
Kelsey_Thomas	23	187	103	84	55.1%	60.4%	135	83	52	61.5%	52	20	32	38.5%	45	36	9	80%	5	38	59
Austin_Goetz	24	67	22	45	32.8%	35.8%	41	18	23	43.9%	26	4	22	15.4%	18	12	6	66.7%	0	13	31
Isaac_Douglas	4	1	0	1	0%	0%	0	0	0	-	1	0	1	0%	0	0	0	-	0	0	0
CJ_Woda	21	59	21	38	35.6%	37.3%	43	19	24	44.2%	16	2	14	12.5%	18	8	10	44.4%	4	12	23
Charlie_Krambeer	19	35	15	20	42.9%	60%	9	3	6	33.3%	26	12	14	46.2%	2	1	1	50%	0	9	18
Spencer_Tollefson	24	87	34	53	39.1%	46%	56	22	34	39.3%	31	12	19	38.7%	33	19	14	57.6%	1	26	28
Riley_Sharbono	24	245	111	134	45.3%	52.4%	137	76	61	55.5%	108	35	73	32.4%	104	84	20	80.8%	14	72	33
Coleman_Sweeney	6	2	0	2	0%	0%	1	0	1	0%	1	0	1	0%	0	0	0	-	0	0	2
Logan_Rezach	1	0	0	0	-	-	0	0	0	-	0	0	0	-	0	0	0	-	0	0	0
Vannis_Smith	24	206	81	125	39.3%	44.7%	136	59	77	43.4%	70	22	48	31.4%	22	18	4	81.8%	1	29	47
Rezac_Logan	2	2	0	2	0%	0%	2	0	2	0%	0	0	0	-	0	0	0	-	0	0	0
Schuyler_Thompson	16	43	17	26	39.5%	40.7%	40	16	24	40%	3	1	2	33.3%	5	2	3	40%	1	7	16
Jason_Faul	24	189	108	81	57.1%	57.7%	176	106	70	60.2%	13	2	11	15.4%	31	25	6	80.6%	4	38	67
Brandon_Snoberger	19	73	39	34	53.4%	55.5%	63	36	27	57.1%	10	3	7	30%	22	11	11	50%	4	18	30
Bobby_Brooks	2	1	0	1	0%	0%	0	0	0	-	1	0	1	0%	0	0	0	-	0	0	0
Leif_Engen	3	1	0	1	0%	0%	1	0	1	0%	0	0	0	-	0	0	0	-	0	0	1
Peter_Lundquist	13	29	14	15	48.3%	55.2%	24	10	14	41.7%	5	4	1	80%	9	7	2	77.8%	1	8	7
Josh_Kirk	1	1	0	1	0%	0%	1	0	1	0%	0	0	0	-	0	0	0	-	0	0	0
Team_Totals	24	1359	617	742	45.4%	50.7%	913	473	440	51.8%	446	144	302	32.3%	338	240	98	71%	38	296	398
_
©2004-2018_Synergy_Sports_Technology,_LLC._All_Rights_Reserved
v-1.0.100	_	_