IllinoisTech
Anthony_Mosley	15	528	1.05	0.31	224	64	44	1.45	27	28	8	48	8	40
Malik_Howze	16	532	1.11	0.22	235	51	43	1.19	11	25	2	66	8	58
Quentin_Forberg	12	66	0.45	0.18	10	1	2	0.50	3	0	0	7	1	6
Jake_Bruns	19	351	0.65	0.15	125	23	25	0.92	11	10	0	29	5	24
Jason_Morris	4	12	-.23	-.08	0	1	2	0.50	0	1	0	1	0	1
Calvin_Schmitz	18	182	0.37	0.15	38	7	10	0.70	4	6	1	17	7	10
Capriest_Gardner	17	263	0.63	0.35	59	9	12	0.75	14	9	3	48	16	32
Brett_Ott	10	39	0.55	0.44	7	5	3	1.67	2	2	1	4	3	1
Jake_Digiorgio	19	643	1.11	0.49	249	12	43	0.28	27	20	12	208	92	116
Max_Hisatake	19	511	1.36	0.59	218	23	54	0.43	18	17	38	189	65	124
Brinden_Carlson	5	11	-.26	0.18	0	1	0	-	0	0	0	0	0	0
Parker_Joncus	19	540	0.51	0.20	113	22	14	1.57	14	12	2	51	10	41
Kohl_Linder	19	173	0.47	0.27	19	4	9	0.44	2	2	4	30	14	16
Team_Totals	19	320	0.89	0.33	1297	223	261	0.85	133	132	71	698	229	469


IllinoisTech_1
Anthony_Mosley	15	190	84	106	44.2%	46.1%	161	77	84	47.8%	29	7	22	24.1%	69	49	20	71%	8	61	32
Malik_Howze	16	192	66	126	34.4%	42.2%	93	36	57	38.7%	99	30	69	30.3%	87	73	14	83.9%	7	58	29
Quentin_Forberg	12	10	3	7	30%	35%	7	2	5	28.6%	3	1	2	33.3%	4	3	1	75%	0	3	8
Jake_Bruns	19	94	42	52	44.7%	62.2%	21	9	12	42.9%	73	33	40	45.2%	9	8	1	88.9%	1	6	27
Jason_Morris	4	2	0	2	0%	0%	2	0	2	0%	0	0	0	-	0	0	0	-	0	0	0
Calvin_Schmitz	18	47	15	32	31.9%	37.2%	22	10	12	45.4%	25	5	20	20%	5	3	2	60%	0	6	13
Capriest_Gardner	17	68	25	43	36.8%	37.5%	58	24	34	41.4%	10	1	9	10%	13	8	5	61.5%	0	12	33
Brett_Ott	10	12	2	10	16.7%	25%	7	0	7	0%	5	2	3	40%	2	1	1	50%	0	1	5
Jake_Digiorgio	19	217	101	116	46.5%	46.8%	207	100	107	48.3%	10	1	9	10%	77	46	31	59.7%	7	59	38
Max_Hisatake	19	162	83	79	51.2%	51.2%	161	83	78	51.6%	1	0	1	0%	96	52	44	54.2%	8	86	72
Brinden_Carlson	5	6	0	6	0%	0%	1	0	1	0%	5	0	5	0%	0	0	0	-	0	0	0
Parker_Joncus	19	93	37	56	39.8%	53.2%	28	12	16	42.9%	65	25	40	38.5%	21	14	7	66.7%	1	18	17
Kohl_Linder	19	17	7	10	41.2%	41.2%	16	7	9	43.8%	1	0	1	0%	7	5	2	71.4%	0	7	38
Team_Totals	19	1110	465	645	41.9%	46.6%	784	360	424	45.9%	326	105	221	32.2%	390	262	128	67.2%	32	317	312
_
©2004-2018_Synergy_Sports_Technology,_LLC._All_Rights_Reserved
v-1.0.100	_	_