DominicanIL
Jonny_Woolf	23	654	1.38	0.48	338	59	56	1.05	47	35	22	145	26	119
Sean_Ek	17	223	0.48	0.17	41	23	19	1.21	6	13	0	15	3	12
Nick_LaVere	24	436	0.60	0.22	118	21	15	1.40	11	10	2	41	16	25
Arrin_Westbrook	10	46	0.71	0.26	21	4	3	1.33	0	1	0	8	2	6
Dennis_Handy	23	307	0.44	0.22	62	16	19	0.84	11	7	4	31	13	18
Andrew_Wojcik	16	111	0.88	0.15	43	14	15	0.93	3	7	0	12	1	11
Jackson_Smith	25	337	0.74	0.18	139	14	24	0.58	8	8	3	39	18	21
Domenic_Aiello	25	449	0.83	0.24	185	48	45	1.07	32	25	1	35	3	32
Antonio_Amoah	22	310	0.90	0.31	120	14	25	0.56	14	11	1	65	22	43
Rory_Cunningham	12	87	0.83	0.54	22	3	5	0.60	3	3	6	28	5	23
Isaac_Moore	19	328	0.71	0.30	108	9	14	0.64	13	5	1	74	8	66
Tim_Robertson	24	615	1.24	0.28	355	41	47	0.87	7	19	18	110	23	87
Connor_Dartt	25	358	0.54	0.27	65	9	32	0.28	11	16	5	85	27	58
Marin_Bandalo	2	6	0.90	0	4	0	0	-	0	0	0	0	0	0
Team_Totals	25	600	0.87	0.29	1621	275	331	0.86	166	160	63	688	167	521

DominicanIL_1
Jonny_Woolf	23	248	124	124	50%	56%	157	94	63	59.9%	91	30	61	33%	79	60	19	75.9%	9	64	64
Sean_Ek	17	33	13	20	39.4%	51.5%	10	5	5	50%	23	8	15	34.8%	8	7	1	87.5%	0	14	18
Nick_LaVere	24	115	47	68	40.9%	43.9%	81	40	41	49.4%	34	7	27	20.6%	32	17	15	53.1%	3	20	26
Arrin_Westbrook	10	24	10	14	41.7%	43.8%	18	9	9	50%	6	1	5	16.7%	0	0	0	-	0	0	4
Dennis_Handy	23	77	24	53	31.2%	35.7%	48	17	31	35.4%	29	7	22	24.1%	14	7	7	50%	1	13	37
Andrew_Wojcik	16	34	14	20	41.2%	47.1%	16	10	6	62.5%	18	4	14	22.2%	15	11	4	73.3%	2	17	14
Jackson_Smith	25	133	50	83	37.6%	45.5%	58	29	29	50%	75	21	54	28%	32	18	14	56.2%	3	24	33
Domenic_Aiello	25	159	61	98	38.4%	51.3%	52	20	32	38.5%	107	41	66	38.3%	38	22	16	57.9%	0	44	51
Antonio_Amoah	22	102	47	55	46.1%	50.5%	65	38	27	58.5%	37	9	28	24.3%	26	17	9	65.4%	6	24	28
Rory_Cunningham	12	25	9	16	36%	40%	17	7	10	41.2%	8	2	6	25%	4	2	2	50%	0	2	12
Isaac_Moore	19	110	38	72	34.6%	45%	31	15	16	48.4%	79	23	56	29.1%	12	9	3	75%	0	14	47
Tim_Robertson	24	327	135	192	41.3%	42.8%	281	125	156	44.5%	46	10	36	21.7%	102	75	27	73.5%	13	91	37
Connor_Dartt	25	80	22	58	27.5%	29.4%	65	19	46	29.2%	15	3	12	20%	30	18	12	60%	3	24	53
Marin_Bandalo	2	3	2	1	66.7%	66.7%	2	2	0	100%	1	0	1	0%	0	0	0	-	0	0	1
Team_Totals	25	1470	596	874	40.5%	46.2%	901	430	471	47.7%	569	166	403	29.2%	392	263	129	67.1%	40	351	425
_
©2004-2018_Synergy_Sports_Technology,_LLC._All_Rights_Reserved
v-1.0.100	_	_