Roosevelt
Carson_Hughes	33	793	0.76	0.21	294	39	42	0.93	23	24	2	104	15	89
Jordan_Radcliff	12	93	0.73	0.33	30	8	7	1.14	7	5	2	10	1	9
Kevin_Day	33	453	0.92	0.31	177	46	40	1.15	11	17	11	75	10	65
Jake_Ludwig	32	906	1.77	0.47	549	174	81	2.15	43	34	2	124	24	100
Tariq_Archibald	1	3	0.77	0	2	0	1	0	1	0	0	0	0	0
Tomas_Cutts	6	24	0.45	0.04	9	1	3	0.33	0	2	1	2	1	1
Kyle_Bumbalough	33	771	0.66	0.23	176	62	31	2	16	19	1	68	11	57
Andre_Raiford_Jr.	13	105	0.48	0.16	22	2	10	0.20	0	2	1	23	8	15
Joshua_Dillingham	21	417	1.41	0.64	183	23	42	0.55	31	15	18	158	47	111
Grant_Gibson	33	785	0.83	0.33	252	58	35	1.66	38	22	5	100	26	74
Adam_Alexander	33	867	0.99	0.34	305	58	57	1.02	21	19	11	179	54	125
Jake_Asquini	33	618	0.59	0.19	201	35	32	1.09	19	16	1	65	8	57
Chandler_Fuzak	30	390	1.02	0.26	189	14	38	0.37	13	8	19	74	11	63
Team_Totals	33	605	0.98	0.32	2389	520	430	1.24	223	183	74	982	216	766

Roosevelt_1
Carson_Hughes	33	250	95	155	38%	51%	84	30	54	35.7%	166	65	101	39.2%	52	39	13	75%	2	35	56
Jordan_Radcliff	12	30	12	18	40%	46.7%	17	8	9	47.1%	13	4	9	30.8%	3	2	1	66.7%	0	4	12
Kevin_Day	33	150	64	86	42.7%	50.3%	74	41	33	55.4%	76	23	53	30.3%	36	26	10	72.2%	7	33	33
Jake_Ludwig	32	355	173	182	48.7%	54.2%	259	134	125	51.7%	96	39	57	40.6%	187	164	23	87.7%	12	150	64
Tariq_Archibald	1	1	1	0	100%	100%	1	1	0	100%	0	0	0	-	1	0	1	0%	1	1	0
Tomas_Cutts	6	9	4	5	44.4%	50%	5	3	2	60%	4	1	3	25%	0	0	0	-	0	1	3
Kyle_Bumbalough	33	134	54	80	40.3%	48.1%	76	33	43	43.4%	58	21	37	36.2%	70	47	23	67.1%	2	57	60
Andre_Raiford_Jr.	13	20	9	11	45%	45%	19	9	10	47.4%	1	0	1	0%	8	4	4	50%	2	7	17
Joshua_Dillingham	21	122	74	48	60.7%	60.7%	122	74	48	60.7%	0	0	0	-	70	35	35	50%	6	55	69
Grant_Gibson	33	210	85	125	40.5%	50.9%	91	41	50	45.1%	119	44	75	37%	53	38	15	71.7%	2	44	45
Adam_Alexander	33	224	110	114	49.1%	52.7%	179	94	85	52.5%	45	16	29	35.6%	105	69	36	65.7%	7	75	93
Jake_Asquini	33	164	69	95	42.1%	60.1%	20	10	10	50%	144	59	85	41%	5	4	1	80%	0	16	45
Chandler_Fuzak	30	125	74	51	59.2%	68.8%	80	50	30	62.5%	45	24	21	53.3%	23	17	6	73.9%	4	26	67
Team_Totals	33	1794	824	970	45.9%	54.2%	1027	528	499	51.4%	767	296	471	38.6%	613	445	168	72.6%	45	504	564
_
©2004-2018_Synergy_Sports_Technology,_LLC._All_Rights_Reserved
v-1.0.100	_	_