
Rose-Hulman
Jacob_Back	14	0.59	0.50	2	0.50	0	1	0.00	2	0	1	2	1	1
Stephen_Schueth	16	0.21	0.12	1	0.25	2	1	2.00	0	0	0	0	0	0
Michael_Lake	15	-.11	0.00	0	0.00	0	0	0.00	0	0	0	0	0	0
Craig_McGee_Jr.	24	1.74	0.62	13	0.93	4	3	1.33	2	2	0	8	1	7
Charlie_Aimone	28	0.61	0.11	14	0.78	3	3	1.00	0	1	0	3	0	3
Kyle_Steckel	16	0.65	0.12	2	0.67	1	1	1.00	0	1	0	2	0	2
Nick_McGrail	22	0.92	0.41	10	1.00	1	1	1.00	0	1	0	6	3	3
Ryuji_Aoki	22	0.21	0.05	5	0.50	2	3	0.67	0	2	0	3	0	3
Luke_Callahan	5	-.16	-.60	2	0.50	0	2	0.00	0	1	0	1	0	1
Eli_Combs	13	0.22	0.00	3	1.00	0	0	0.00	0	0	0	0	0	0
JT_Whitaker	6	0.23	0.50	0	0.00	0	0	0.00	0	0	0	2	1	1
John_Czarnecki	19	0.70	0.32	7	0.88	0	1	0.00	1	0	0	4	2	2
Team_Totals	40	0.60	0.22	59	0.73	13	16	0.81	5	8	1	31	8	23

Rose-Hulman_1
Jacob_Back	3	1	2	33.3%	33.3%	3	1	2	33.3%	0	0	0	-	0	0	0	-	0	1	3
Stephen_Schueth	3	0	3	0%	0%	1	0	1	0%	2	0	2	0%	2	1	1	50%	0	1	2
Michael_Lake	2	0	2	0%	0%	1	0	1	0%	1	0	1	0%	0	0	0	-	0	1	3
Craig_McGee_Jr.	8	4	4	50%	56.2%	5	3	2	60%	3	1	2	33.3%	7	4	3	57.1%	1	3	3
Charlie_Aimone	15	6	9	40%	46.7%	7	4	3	57.1%	8	2	6	25%	0	0	0	-	0	1	2
Kyle_Steckel	1	0	1	0%	0%	1	0	1	0%	0	0	0	-	2	2	0	100%	0	1	1
Nick_McGrail	8	4	4	50%	62.5%	4	2	2	50%	4	2	2	50%	1	0	1	0%	0	2	0
Ryuji_Aoki	7	2	5	28.6%	35.7%	2	1	1	50%	5	1	4	20%	0	0	0	-	0	0	4
Luke_Callahan	2	1	1	50%	50%	2	1	1	50%	0	0	0	-	0	0	0	-	0	1	3
Eli_Combs	3	1	2	33.3%	50%	2	0	2	0%	1	1	0	100%	0	0	0	-	0	0	0
JT_Whitaker	0	0	0	-	-	0	0	0	-	0	0	0	-	2	0	2	0%	0	1	0
John_Czarnecki	7	3	4	42.9%	50%	6	2	4	33.3%	1	1	0	100%	0	0	0	-	0	1	2
Team_Totals	59	22	37	37.3%	44.1%	34	14	20	41.2%	25	8	17	32%	14	7	7	50%	1	13	23


IllinoisTech
Anthony_Mosley	37	1.54	0.14	24	1.14	4	4	1.00	2	2	0	1	0	1
Malik_Howze	36	1.66	0.17	23	1.21	2	2	1.00	0	2	0	6	0	6
Quentin_Forberg	2	-.45	0.00	0	0.00	0	0	0.00	0	0	0	0	0	0
Jake_Bruns	8	0.15	0.25	0	0.00	1	0	0.00	0	0	0	0	0	0
Capriest_Gardner	20	1.00	0.60	6	0.75	1	0	0.00	3	0	0	3	1	2
Jake_Digiorgio	36	0.27	0.19	4	0.44	0	4	0.00	2	1	1	8	1	7
Max_Hisatake	34	1.12	0.68	7	0.70	2	2	1.00	1	0	3	12	3	9
Parker_Joncus	19	0.39	0.11	4	2.00	0	0	0.00	0	0	0	2	0	2
Kohl_Linder	8	0.51	0.12	2	1.00	0	1	0.00	0	0	1	1	0	1
Team_Totals	40	0.98	0.29	70	0.96	10	13	0.77	8	5	5	33	5	28

IllinoisTech_1
Anthony_Mosley	14	8	6	57.1%	60.7%	11	7	4	63.6%	3	1	2	33.3%	9	7	2	77.8%	1	4	3
Malik_Howze	12	6	6	50%	62.5%	7	3	4	42.9%	5	3	2	60%	10	8	2	80%	0	5	2
Quentin_Forberg	1	0	1	0%	0%	1	0	1	0%	0	0	0	-	0	0	0	-	0	0	0
Jake_Bruns	1	0	1	0%	0%	0	0	0	-	1	0	1	0%	0	0	0	-	0	1	0
Capriest_Gardner	5	2	3	40%	50%	4	1	3	25%	1	1	0	100%	3	1	2	33.3%	0	2	0
Jake_Digiorgio	6	2	4	33.3%	33.3%	6	2	4	33.3%	0	0	0	-	0	0	0	-	0	2	3
Max_Hisatake	6	2	4	33.3%	33.3%	6	2	4	33.3%	0	0	0	-	5	3	2	60%	0	4	4
Parker_Joncus	2	2	0	100%	100%	2	2	0	100%	0	0	0	-	1	0	1	0%	1	1	1
Kohl_Linder	1	1	0	100%	100%	1	1	0	100%	0	0	0	-	0	0	0	-	0	1	4
Team_Totals	48	23	25	47.9%	53.1%	38	18	20	47.4%	10	5	5	50%	28	19	9	67.9%	2	20	17

_
©2004-2018_Synergy_Sports_Technology,_LLC._All_Rights_Reserved
v-1.0.100	_	_