




NorthPark
Toby_Marek	20	1.00	0.35	6	1.00	1	0	0.00	1	0	1	1	0	1
Matt_Szuba	29	1.01	0.38	13	1.30	1	0	0.00	1	0	0	5	2	3
Jack_Gurvey	13	0.59	0.23	3	3.00	0	0	0.00	1	0	0	1	0	1
Colin_Lake	39	1.06	0.00	21	0.88	1	3	0.33	1	2	0	2	0	2
Aaron_Reed	24	0.75	0.50	5	0.71	2	1	2.00	2	1	0	5	1	4
Jason_Hines	1	-1.00	-1.00	0	0.00	0	1	0.00	0	0	0	1	0	1
Matt_Mohr	16	0.59	0.50	2	0.50	1	1	1.00	0	0	1	5	1	4
Vegard_Tangen	7	0.43	0.43	0	0.00	2	2	1.00	0	0	0	2	1	1
Billy_Kirby	34	1.08	0.32	14	0.93	0	2	0.00	3	1	1	5	2	3
Dyron_Woods	17	0.56	0.24	5	0.62	0	0	0.00	1	0	1	0	0	0
Team_Totals	40	0.87	0.29	69	0.90	8	10	0.80	10	4	4	27	7	20

NorthPark_1
Toby_Marek	5	2	3	40%	40%	2	2	0	100%	3	0	3	0%	2	2	0	100%	0	1	2
Matt_Szuba	9	4	5	44.4%	66.7%	1	0	1	0%	8	4	4	50%	2	1	1	50%	0	1	4
Jack_Gurvey	1	1	0	100%	150%	0	0	0	-	1	1	0	100%	0	0	0	-	0	0	0
Colin_Lake	15	6	9	40%	50%	6	3	3	50%	9	3	6	33.3%	9	6	3	66.7%	0	5	3
Aaron_Reed	4	2	2	50%	62.5%	2	1	1	50%	2	1	1	50%	0	0	0	-	0	0	2
Jason_Hines	0	0	0	-	-	0	0	0	-	0	0	0	-	0	0	0	-	0	1	2
Matt_Mohr	3	1	2	33.3%	33.3%	2	1	1	50%	1	0	1	0%	0	0	0	-	0	0	2
Vegard_Tangen	0	0	0	-	-	0	0	0	-	0	0	0	-	0	0	0	-	0	1	3
Billy_Kirby	13	5	8	38.5%	38.5%	10	5	5	50%	3	0	3	0%	6	4	2	66.7%	1	3	2
Dyron_Woods	7	2	5	28.6%	28.6%	7	2	5	28.6%	0	0	0	-	2	1	1	50%	0	1	4
Team_Totals	57	23	34	40.4%	48.2%	30	14	16	46.7%	27	9	18	33.3%	21	14	7	66.7%	1	13	24

IllinoisTech
Anthony_Mosley	39	1.17	0.21	20	0.95	3	6	0.50	2	5	0	7	3	4
Malik_Howze	33	0.51	0.21	10	0.77	3	2	1.50	1	1	0	3	0	3
Quentin_Forberg	2	0.00	0.00	0	-	0	0	0.00	0	0	0	0	0	0
Jake_Bruns	7	0.34	0.57	0	0.00	2	1	2.00	0	1	0	1	1	0
Calvin_Schmitz	5	0.77	0.00	3	1.50	0	0	0.00	0	0	0	0	0	0
Capriest_Gardner	18	0.34	0.22	2	1.00	0	0	0.00	0	0	0	4	0	4
Brett_Ott	1	1.10	2.00	0	-	0	0	0.00	0	0	0	1	1	0
Jake_Digiorgio	31	1.59	0.39	15	0.94	0	1	0.00	0	1	0	9	5	4
Max_Hisatake	33	1.79	0.76	20	0.80	4	7	0.57	1	2	3	18	5	13
Parker_Joncus	26	0.02	0.15	0	0.00	1	0	0.00	0	0	0	1	1	0
Kohl_Linder	5	0.22	0.40	0	0.00	0	0	0.00	0	0	0	1	1	0
Team_Totals	40	0.93	0.34	70	0.80	13	17	0.76	4	10	3	45	17	28

IllinoisTech_1
Anthony_Mosley	12	8	4	66.7%	66.7%	11	8	3	72.7%	1	0	1	0%	7	4	3	57.1%	2	5	3
Malik_Howze	11	4	7	36.4%	45.4%	2	2	0	100%	9	2	7	22.2%	0	0	0	-	0	0	3
Quentin_Forberg	0	0	0	-	-	0	0	0	-	0	0	0	-	0	0	0	-	0	0	1
Jake_Bruns	2	0	2	0%	0%	0	0	0	-	2	0	2	0%	0	0	0	-	0	0	2
Calvin_Schmitz	2	1	1	50%	75%	0	0	0	-	2	1	1	50%	0	0	0	-	0	0	1
Capriest_Gardner	2	1	1	50%	50%	2	1	1	50%	0	0	0	-	0	0	0	-	0	0	4
Brett_Ott	1	0	1	0%	0%	1	0	1	0%	0	0	0	-	0	0	0	-	0	0	0
Jake_Digiorgio	10	4	6	40%	40%	9	4	5	44.4%	1	0	1	0%	10	7	3	70%	1	6	3
Max_Hisatake	13	8	5	61.5%	61.5%	13	8	5	61.5%	0	0	0	-	10	4	6	40%	0	7	3
Parker_Joncus	4	0	4	0%	0%	2	0	2	0%	2	0	2	0%	0	0	0	-	0	0	0
Kohl_Linder	1	0	1	0%	0%	1	0	1	0%	0	0	0	-	0	0	0	-	0	0	1
Team_Totals	58	26	32	44.8%	47.4%	41	23	18	56.1%	17	3	14	17.6%	27	15	12	55.6%	3	18	21

_
©2004-2018_Synergy_Sports_Technology,_LLC._All_Rights_Reserved
v-1.0.100	_	_