EastWest
Adonis_Bell	2	24	0.17	0	6	0	2	0	0	0	0	3	1	2
Cortland_Gillespie	15	165	1.08	0.01	106	13	36	0.36	7	17	0	26	8	18
Sherman_Carter	14	318	1.36	0.18	223	32	52	0.62	16	20	2	43	18	25
Patrick_Rucker	16	342	1.44	0.42	193	45	39	1.15	23	17	2	72	11	61
Carl_Moore	15	385	1.02	0.34	187	32	46	0.70	18	24	9	85	18	67
Markus_Johnson	15	300	1.44	0.58	142	9	21	0.43	12	8	13	101	48	53
Djmon_Baker	1	5	0	0	0	0	0	-	0	0	0	0	0	0
Manny_Coleman	4	36	0.65	0.47	7	2	2	1	2	1	0	10	3	7
Ahmad_Eshftari	5	12	2.40	1.75	6	2	1	2	2	1	0	10	5	5
Joshua_Johnson	1	8	0.15	0.25	0	0	0	-	0	0	0	1	1	0
NA_Roland	1	4	0	0	0	0	0	-	0	0	0	0	0	0
Amare_Thurman	12	100	1.01	0.47	41	13	15	0.87	9	10	0	23	10	13
Sherman_Brown	11	67	1.06	0.46	27	4	8	0.50	4	2	2	19	8	11
Brian_Ashbury	3	90	0.68	0.56	9	5	3	1.67	4	0	3	25	7	18
NA_Kinsley	1	4	1.53	0.75	2	0	0	-	0	0	0	3	0	3
Roland_Watkins	12	59	0.83	0.34	15	3	4	0.75	2	3	2	11	3	8
Schrone_Clark	3	16	0.44	0.50	0	0	0	-	0	0	2	3	1	2
Jeremy_Hargrove	13	128	0.69	0.09	45	11	21	0.52	4	17	1	18	3	15
Eric_Spencer	12	73	1.62	0.63	48	7	10	0.70	5	3	4	25	9	16
Stanley_Thomas	2	28	1.22	0.46	6	1	1	1	1	0	2	5	2	3
Brian_Ashberry	13	158	1.06	0.45	65	2	15	0.13	10	3	4	50	19	31
Scherone_Clarke	9	16	0.76	0.81	4	1	3	0.33	0	4	2	10	3	7
Kinsley_Shaw	4	33	1.50	0.33	27	1	5	0.20	2	4	0	10	5	5
NA_Collison	1	24	0.38	0	8	3	5	0.60	2	3	0	0	0	0
Team_Totals	17	520	1.15	0.36	1167	186	307	0.64	123	137	48	553	183	370

EastWest_1
Adonis_Bell	2	9	3	6	33.3%	33.3%	8	3	5	37.5%	1	0	1	0%	0	0	0	-	0	0	2
Cortland_Gillespie	15	92	35	57	38%	44%	56	24	32	42.9%	36	11	25	30.6%	45	25	20	55.6%	1	21	21
Sherman_Carter	14	211	73	138	34.6%	40.5%	121	48	73	39.7%	90	25	65	27.8%	70	52	18	74.3%	6	59	44
Patrick_Rucker	16	150	64	86	42.7%	50.3%	82	41	41	50%	68	23	45	33.8%	54	42	12	77.8%	8	41	49
Carl_Moore	15	189	67	122	35.4%	42.3%	92	41	51	44.6%	97	26	71	26.8%	34	27	7	79.4%	2	24	30
Markus_Johnson	15	107	53	54	49.5%	50%	104	52	52	50%	3	1	2	33.3%	64	35	29	54.7%	10	47	48
Djmon_Baker	1	0	0	0	-	-	0	0	0	-	0	0	0	-	0	0	0	-	0	0	0
Manny_Coleman	4	14	2	12	14.3%	14.3%	13	2	11	15.4%	1	0	1	0%	7	3	4	42.9%	0	4	8
Ahmad_Eshftari	5	7	2	5	28.6%	28.6%	7	2	5	28.6%	0	0	0	-	6	2	4	33.3%	0	3	8
Joshua_Johnson	1	1	0	1	0%	0%	0	0	0	-	1	0	1	0%	0	0	0	-	0	0	2
NA_Roland	1	0	0	0	-	-	0	0	0	-	0	0	0	-	0	0	0	-	0	0	0
Amare_Thurman	12	44	15	29	34.1%	39.8%	14	10	4	71.4%	30	5	25	16.7%	12	6	6	50%	1	9	14
Sherman_Brown	11	28	11	17	39.3%	39.3%	24	11	13	45.8%	4	0	4	0%	8	5	3	62.5%	0	9	31
Brian_Ashbury	3	16	3	13	18.8%	18.8%	15	3	12	20%	1	0	1	0%	4	3	1	75%	0	0	3
NA_Kinsley	1	1	1	0	100%	100%	1	1	0	100%	0	0	0	-	0	0	0	-	0	0	2
Roland_Watkins	12	15	5	10	33.3%	33.3%	9	5	4	55.6%	6	0	6	0%	7	5	2	71.4%	0	4	16
Schrone_Clark	3	1	0	1	0%	0%	1	0	1	0%	0	0	0	-	0	0	0	-	0	0	5
Jeremy_Hargrove	13	40	13	27	32.5%	42.5%	17	5	12	29.4%	23	8	15	34.8%	16	11	5	68.8%	2	17	20
Eric_Spencer	12	54	17	37	31.5%	32.4%	44	16	28	36.4%	10	1	9	10%	26	13	13	50%	2	14	24
Stanley_Thomas	2	4	0	4	0%	0%	4	0	4	0%	0	0	0	-	10	6	4	60%	0	6	6
Brian_Ashberry	13	64	25	39	39.1%	39.8%	60	24	36	40%	4	1	3	25%	31	14	17	45.2%	1	24	24
Scherone_Clarke	9	8	2	6	25%	25%	8	2	6	25%	0	0	0	-	2	0	2	0%	0	2	20
Kinsley_Shaw	4	26	12	14	46.2%	46.2%	26	12	14	46.2%	0	0	0	-	3	3	0	100%	1	4	6
NA_Collison	1	6	4	2	66.7%	66.7%	6	4	2	66.7%	0	0	0	-	2	0	2	0%	0	2	3
Team_Totals	17	1087	407	680	37.4%	42.1%	712	306	406	43%	375	101	274	26.9%	401	252	149	62.8%	34	290	386
_
©2004-2018_Synergy_Sports_Technology,_LLC._All_Rights_Reserved
v-1.0.100	_	_