



Chicago
Collin_Barthel	23	716	1.29	0.47	308	53	47	1.13	25	16	7	201	56	145
Cole_Schmitz	20	159	0.91	0.64	40	18	4	4.50	6	3	1	42	17	25
Louis_Mehaffey	3	2	0	0	0	0	2	0	0	0	0	2	2	0
Noah_Karras	25	596	0.66	0.16	234	27	26	1.04	8	14	7	55	8	47
Ezra_Swell	1	2	3.48	0	3	0	0	-	0	0	0	0	0	0
Jake_Fenlon	25	775	0.96	0.10	436	36	44	0.82	14	21	3	50	8	42
Dominic_Laravie	25	193	0.96	0.45	64	5	9	0.56	3	5	2	57	28	29
Porter_Veach	1	1	0	0	0	0	0	-	0	0	0	0	0	0
Max_Jacobs	25	340	0.86	0.32	92	24	23	1.04	15	9	0	59	17	42
Jake_Berhorst	24	236	0.48	0.11	65	20	24	0.83	1	13	0	28	3	25
Jordan_Baum	25	752	0.85	0.52	185	142	54	2.63	35	32	11	117	6	111
Ryan_Shearmire	2	2	-.80	0	0	0	0	-	0	0	0	0	0	0
Mattia_Colangelo	24	151	0.43	0.32	23	10	9	1.11	3	4	4	26	7	19
Sam_Sustacek	25	261	1.13	0.43	100	17	15	1.13	6	4	1	68	27	41
Brennan_Mcdaniel	2	2	0.50	0.50	0	0	1	0	0	0	0	2	1	1
Justin_Jackson	25	377	1.12	0.30	152	22	24	0.92	5	6	2	65	38	27
Ryan_Jacobsen	22	459	1.09	0.46	160	24	30	0.80	10	10	7	134	54	80
Team_Totals	25	480	0.94	0.34	1862	398	314	1.28	131	137	45	906	272	634

Chicago_1
Collin_Barthel	23	242	103	139	42.6%	46.7%	181	83	98	45.9%	61	20	41	32.8%	107	82	25	76.6%	13	90	47
Cole_Schmitz	20	47	19	28	40.4%	40.4%	44	19	25	43.2%	3	0	3	0%	2	2	0	100%	0	1	16
Louis_Mehaffey	3	0	0	0	-	-	0	0	0	-	0	0	0	-	0	0	0	-	0	0	1
Noah_Karras	25	227	85	142	37.4%	47.6%	82	39	43	47.6%	145	46	99	31.7%	23	18	5	78.3%	0	18	50
Ezra_Swell	1	2	1	1	50%	50%	1	1	0	100%	1	0	1	0%	1	1	0	100%	1	1	0
Jake_Fenlon	25	345	140	205	40.6%	55.1%	85	40	45	47.1%	260	100	160	38.5%	68	56	12	82.4%	5	50	34
Dominic_Laravie	25	61	24	37	39.3%	41.8%	45	21	24	46.7%	16	3	13	18.8%	25	13	12	52%	1	16	16
Porter_Veach	1	0	0	0	-	-	0	0	0	-	0	0	0	-	0	0	0	-	0	0	0
Max_Jacobs	25	60	32	28	53.3%	55.8%	54	29	25	53.7%	6	3	3	50%	37	25	12	67.6%	0	29	38
Jake_Berhorst	24	59	22	37	37.3%	49.2%	22	8	14	36.4%	37	14	23	37.8%	10	7	3	70%	2	13	14
Jordan_Baum	25	155	61	94	39.4%	55.2%	31	12	19	38.7%	124	49	75	39.5%	17	14	3	82.4%	1	15	47
Ryan_Shearmire	2	2	0	2	0%	0%	0	0	0	-	2	0	2	0%	0	0	0	-	0	0	0
Mattia_Colangelo	24	32	8	24	25%	35.9%	7	1	6	14.3%	25	7	18	28%	0	0	0	-	0	2	8
Sam_Sustacek	25	66	39	27	59.1%	59.1%	66	39	27	59.1%	0	0	0	-	42	22	20	52.4%	1	25	37
Brennan_Mcdaniel	2	0	0	0	-	-	0	0	0	-	0	0	0	-	0	0	0	-	0	0	1
Justin_Jackson	25	110	50	60	45.4%	46.8%	87	47	40	54%	23	3	20	13%	82	49	33	59.8%	10	51	41
Ryan_Jacobsen	22	110	60	50	54.6%	55.9%	95	57	38	60%	15	3	12	20%	72	37	35	51.4%	8	59	59
Team_Totals	25	1518	644	874	42.4%	50.6%	800	396	404	49.5%	718	248	470	34.5%	486	326	160	67.1%	42	370	409
_
©2004-2018_Synergy_Sports_Technology,_LLC._All_Rights_Reserved
v-1.0.100	_	_