


Albion
Robert_Ryan	25	451	0.62	0.26	89	53	32	1.66	12	18	0	40	11	29
Corey_Wheeler	22	520	1.52	0.43	289	58	39	1.49	21	24	4	103	33	70
Ojani_Echevarria	6	49	0.38	0.29	9	4	4	1	1	3	0	9	3	6
Arshawn_Parker	18	192	0.89	0.22	86	14	9	1.56	6	6	0	16	4	12
Dylan_Bennett	19	282	0.38	0.17	56	9	4	2.25	6	2	1	24	0	24
Jamezell_Davis_Jr.	19	315	0.77	0.27	115	27	19	1.42	14	10	1	34	6	28
Jaylen_Fordham	25	462	0.74	0.27	163	38	43	0.88	8	17	5	94	17	77
Juwan_Perry	14	167	0.90	0.20	70	15	11	1.36	3	7	0	14	6	8
Aquavius_Burks	23	399	0.84	0.27	135	34	33	1.03	11	16	0	69	15	54
Nathaniel_Collins	20	384	0.90	0.14	170	14	21	0.67	10	9	3	37	4	33
Austin_Thompson	5	13	1.19	0.54	2	3	0	-	0	0	0	1	0	1
Nathan_Kellum	17	115	0.68	0.31	27	3	9	0.33	5	4	7	19	5	14
Caden_Ebeling	25	371	0.93	0.34	137	16	20	0.80	2	5	3	96	29	67
Quinton_Armstrong	23	389	1.13	0.41	194	13	28	0.46	4	14	16	103	47	56
Alex_Warman	2	3	1.33	1.33	0	1	0	-	1	0	0	0	0	0
Adam_Davis	18	209	0.71	0.23	54	8	10	0.80	5	6	1	31	9	22
Ryan_Lowe	23	331	1.41	0.52	165	22	28	0.79	4	12	8	115	44	71
Team_Totals	25	530	0.92	0.30	1761	332	315	1.07	113	153	49	805	233	572

Albion_1
Robert_Ryan	25	83	25	58	30.1%	38%	43	12	31	27.9%	40	13	27	32.5%	33	26	7	78.8%	0	29	26
Corey_Wheeler	22	210	97	113	46.2%	50.7%	154	78	76	50.6%	56	19	37	33.9%	103	76	27	73.8%	19	89	43
Ojani_Echevarria	6	14	3	11	21.4%	32.1%	3	0	3	0%	11	3	8	27.3%	0	0	0	-	0	0	2
Arshawn_Parker	18	77	29	48	37.7%	47.4%	36	14	22	38.9%	41	15	26	36.6%	17	13	4	76.5%	1	11	7
Dylan_Bennett	19	57	19	38	33.3%	48.2%	7	2	5	28.6%	50	17	33	34%	2	1	1	50%	0	1	27
Jamezell_Davis_Jr.	19	109	40	69	36.7%	46.8%	45	18	27	40%	64	22	42	34.4%	20	13	7	65%	1	19	18
Jaylen_Fordham	25	148	57	91	38.5%	50%	59	23	36	39%	89	34	55	38.2%	22	15	7	68.2%	1	19	52
Juwan_Perry	14	54	24	30	44.4%	52.8%	29	15	14	51.7%	25	9	16	36%	21	13	8	61.9%	3	13	19
Aquavius_Burks	23	116	46	70	39.7%	46.1%	66	31	35	47%	50	15	35	30%	42	28	14	66.7%	3	34	34
Nathaniel_Collins	20	138	56	82	40.6%	48.9%	73	33	40	45.2%	65	23	42	35.4%	46	35	11	76.1%	2	23	42
Austin_Thompson	5	1	0	1	0%	0%	0	0	0	-	1	0	1	0%	2	2	0	100%	0	1	1
Nathan_Kellum	17	26	11	15	42.3%	42.3%	25	11	14	44%	1	0	1	0%	7	5	2	71.4%	0	5	8
Caden_Ebeling	25	133	51	82	38.4%	41.3%	97	43	54	44.3%	36	8	28	22.2%	35	27	8	77.1%	3	37	46
Quinton_Armstrong	23	156	85	71	54.5%	56.4%	136	79	57	58.1%	20	6	14	30%	35	18	17	51.4%	6	35	48
Alex_Warman	2	0	0	0	-	-	0	0	0	-	0	0	0	-	0	0	0	-	0	0	0
Adam_Davis	18	45	18	27	40%	44.4%	28	14	14	50%	17	4	13	23.5%	19	14	5	73.7%	0	11	23
Ryan_Lowe	23	102	69	33	67.6%	67.6%	102	69	33	67.6%	0	0	0	-	44	27	17	61.4%	1	36	54
Team_Totals	25	1469	630	839	42.9%	49.3%	903	442	461	48.9%	566	188	378	33.2%	448	313	135	69.9%	40	363	450
_
©2004-2018_Synergy_Sports_Technology,_LLC._All_Rights_Reserved
v-1.0.100	_	_