UWPlatteville
Drew_Gunnink	13	43	0.38	0.26	5	2	1	2	1	1	0	6	1	5
Alex_Ranney	29	451	0.68	0.22	129	27	31	0.87	17	6	1	60	13	47
Jake_Showalter	28	601	0.80	0.24	186	36	29	1.24	18	12	5	67	20	47
Quentin_Shields	29	596	1.35	0.30	295	48	44	1.09	28	17	3	94	12	82
Trey_Sigel	27	180	1.09	0.25	98	10	5	2	4	3	0	23	4	19
Matt_Oestreich	29	872	0.91	0.26	328	72	52	1.38	24	34	3	107	25	82
Robert_Duax	29	783	1.38	0.34	458	63	52	1.21	37	28	10	132	21	111
Tanner_Hudziak	14	32	1.51	0.06	29	4	5	0.80	0	4	0	4	0	4
Carter_Voelker	29	838	0.93	0.31	296	64	35	1.83	32	19	4	107	22	85
Harold_Fay	15	53	0.87	0.11	25	4	6	0.67	1	3	0	7	1	6
Colin_Connelly	21	154	0.91	0.36	48	13	9	1.44	5	5	2	28	6	22
Justin_Jarvensivu	11	30	0.66	0.43	3	3	4	0.75	2	2	0	7	4	3
Justin_Stovall	19	158	1.06	0.24	60	8	15	0.53	3	5	4	33	5	28
Colin_Kramper	15	65	0.34	0.22	9	2	4	0.50	4	4	0	9	1	8
Dan_Lowe	21	134	0.71	0.24	38	5	14	0.36	4	7	3	29	7	22
Clay_Gerds	29	736	0.92	0.42	229	30	32	0.94	11	9	33	173	49	124
Cole_Hake	10	22	0.68	0.23	5	1	2	0.50	1	0	0	4	1	3
Delandre_Griffith	3	4	0	0	0	0	0	-	0	0	0	0	0	0
Nathan_Cokenour	11	28	0.78	0.54	6	2	2	1	0	1	3	6	3	3
Grayson_Knowlton	11	22	1.02	0.41	7	1	1	1	2	1	0	4	1	3
Team_Totals	29	360	0.99	0.30	2254	395	344	1.15	194	161	71	900	196	704

UWPlatteville_1
Drew_Gunnink	13	11	1	10	9.1%	13.6%	6	0	6	0%	5	1	4	20%	2	2	0	100%	0	1	5
Alex_Ranney	29	95	46	49	48.4%	58.4%	53	27	26	50.9%	42	19	23	45.2%	26	18	8	69.2%	1	21	37
Jake_Showalter	28	133	62	71	46.6%	56.4%	70	36	34	51.4%	63	26	37	41.3%	44	36	8	81.8%	3	47	68
Quentin_Shields	29	192	90	102	46.9%	53.4%	131	65	66	49.6%	61	25	36	41%	116	90	26	77.6%	6	81	59
Trey_Sigel	27	73	31	42	42.5%	59.6%	18	6	12	33.3%	55	25	30	45.4%	12	11	1	91.7%	0	11	9
Matt_Oestreich	29	229	125	104	54.6%	60.5%	164	98	66	59.8%	65	27	38	41.5%	64	51	13	79.7%	7	61	52
Robert_Duax	29	328	170	158	51.8%	57.3%	238	134	104	56.3%	90	36	54	40%	105	82	23	78.1%	12	95	63
Tanner_Hudziak	14	14	12	2	85.7%	100%	9	8	1	88.9%	5	4	1	80%	1	1	0	100%	1	1	2
Carter_Voelker	29	215	99	116	46.1%	55.8%	118	57	61	48.3%	97	42	55	43.3%	72	56	16	77.8%	9	60	62
Harold_Fay	15	21	9	12	42.9%	50%	14	6	8	42.9%	7	3	4	42.9%	5	4	1	80%	0	3	4
Colin_Connelly	21	38	15	23	39.5%	50%	16	7	9	43.8%	22	8	14	36.4%	13	10	3	76.9%	0	12	13
Justin_Jarvensivu	11	1	1	0	100%	100%	1	1	0	100%	0	0	0	-	2	1	1	50%	0	1	4
Justin_Stovall	19	35	18	17	51.4%	60%	21	12	9	57.1%	14	6	8	42.9%	24	18	6	75%	3	19	37
Colin_Kramper	15	10	4	6	40%	45%	5	3	2	60%	5	1	4	20%	1	0	1	0%	0	1	7
Dan_Lowe	21	34	14	20	41.2%	44.1%	23	12	11	52.2%	11	2	9	18.2%	12	8	4	66.7%	0	12	25
Clay_Gerds	29	169	96	73	56.8%	59.5%	147	87	60	59.2%	22	9	13	40.9%	40	28	12	70%	6	31	62
Cole_Hake	10	6	1	5	16.7%	25%	0	0	0	-	6	1	5	16.7%	2	2	0	100%	0	1	6
Delandre_Griffith	3	0	0	0	-	-	0	0	0	-	0	0	0	-	0	0	0	-	0	0	0
Nathan_Cokenour	11	4	3	1	75%	75%	4	3	1	75%	0	0	0	-	2	0	2	0%	0	1	2
Grayson_Knowlton	11	6	2	4	33.3%	41.7%	4	1	3	25%	2	1	1	50%	2	2	0	100%	0	1	3
Team_Totals	29	1614	799	815	49.5%	56.8%	1042	563	479	54%	572	236	336	41.3%	545	420	125	77.1%	48	460	520
_
©2004-2018_Synergy_Sports_Technology,_LLC._All_Rights_Reserved
v-1.0.100	_	_