

OlivetCollege
Kylen_Brown	5	20	-.29	-.20	0	3	7	0.43	1	7	0	2	0	2
Diangelo_Carlton	24	327	0.66	0.30	74	18	20	0.90	20	10	1	44	17	27
Tracy_Edmond	29	1046	1.45	0.38	596	195	128	1.52	60	80	4	116	22	94
Chase_Brocker	28	423	0.91	0.22	158	15	17	0.88	11	6	8	46	12	34
Jalen_Adams	29	992	1.77	0.45	723	39	75	0.52	51	34	14	297	91	206
Mike_Williams	8	61	0.39	0.30	6	2	10	0.20	3	5	1	16	10	6
Delbert_Redfield	17	56	0.06	0.02	12	6	10	0.60	1	8	0	7	0	7
Leshaun_Phillips	1	5	0	0	0	0	0	-	0	0	0	0	0	0
Brent_Davis	7	29	0.27	0.34	2	1	1	1	2	2	0	5	1	4
Aaron_Washington	25	213	0.59	0.12	96	8	14	0.57	10	10	0	13	4	9
Quintin_Way	18	77	0.27	0.10	11	2	5	0.40	2	5	0	7	3	4
Sirafino_Davis	23	321	0.77	0.48	50	5	17	0.29	9	6	26	71	36	35
John_Mcadoo	27	651	0.58	0.33	101	32	14	2.29	29	9	1	91	27	64
Eldridge_Mason	28	717	0.94	0.24	316	20	31	0.65	26	13	5	107	28	79
Blake_Siersma	28	365	0.84	0.39	81	6	18	0.33	10	8	11	82	41	41
Griffin_Lewis	19	128	0.66	0.46	15	6	4	1.50	7	0	1	29	10	19
Angus_Bennett	28	307	0.77	0.44	65	9	9	1	12	7	4	70	34	36
Team_Totals	29	600	1.04	0.34	2306	367	382	0.97	254	210	76	1003	336	667

OlivetCollege_1
Kylen_Brown	5	2	0	2	0%	0%	2	0	2	0%	0	0	0	-	0	0	0	-	0	3	2
Diangelo_Carlton	24	68	30	38	44.1%	44.8%	59	29	30	49.2%	9	1	8	11.1%	20	13	7	65%	1	22	46
Tracy_Edmond	29	449	211	238	47%	49.8%	378	186	192	49.2%	71	25	46	35.2%	225	149	76	66.2%	18	172	60
Chase_Brocker	28	122	50	72	41%	50%	54	28	26	51.8%	68	22	46	32.4%	41	36	5	87.8%	0	30	29
Jalen_Adams	29	555	274	281	49.4%	51.4%	476	252	224	52.9%	79	22	57	27.8%	196	153	43	78.1%	26	154	69
Mike_Williams	8	13	2	11	15.4%	15.4%	10	2	8	20%	3	0	3	0%	2	2	0	100%	0	1	12
Delbert_Redfield	17	24	4	20	16.7%	25%	3	0	3	0%	21	4	17	19%	0	0	0	-	0	1	3
Leshaun_Phillips	1	0	0	0	-	-	0	0	0	-	0	0	0	-	0	0	0	-	0	0	1
Brent_Davis	7	7	1	6	14.3%	14.3%	7	1	6	14.3%	0	0	0	-	0	0	0	-	0	1	2
Aaron_Washington	25	100	33	67	33%	46.5%	15	6	9	40%	85	27	58	31.8%	7	3	4	42.9%	0	3	10
Quintin_Way	18	12	4	8	33.3%	41.7%	3	2	1	66.7%	9	2	7	22.2%	2	1	1	50%	0	1	9
Sirafino_Davis	23	42	18	24	42.9%	42.9%	42	18	24	42.9%	0	0	0	-	20	14	6	70%	1	11	58
John_Mcadoo	27	103	30	73	29.1%	37.9%	33	12	21	36.4%	70	18	52	25.7%	30	23	7	76.7%	0	23	71
Eldridge_Mason	28	265	109	156	41.1%	50.2%	122	61	61	50%	143	48	95	33.6%	69	50	19	72.5%	1	44	54
Blake_Siersma	28	48	30	18	62.5%	62.5%	48	30	18	62.5%	0	0	0	-	34	21	13	61.8%	1	21	71
Griffin_Lewis	19	14	5	9	35.7%	39.3%	10	4	6	40%	4	1	3	25%	7	4	3	57.1%	0	6	26
Angus_Bennett	28	56	28	28	50%	50%	55	28	27	50.9%	1	0	1	0%	14	9	5	64.3%	2	11	62
Team_Totals	29	1880	829	1051	44.1%	48.6%	1317	659	658	50%	563	170	393	30.2%	667	478	189	71.7%	50	504	585
_
©2004-2018_Synergy_Sports_Technology,_LLC._All_Rights_Reserved
v-1.0.100	_	_