Rose-Hulman
Trey_Sykes	20	78	1.27	0.38	33	7	4	1.75	1	2	2	14	4	10
David_Saadatnezhadi	3	8	0.62	0.75	2	0	0	-	1	0	0	3	1	2
Jacob_Back	24	172	0.32	0.27	17	8	16	0.50	8	5	6	23	11	12
Stephen_Schueth	27	660	0.68	0.29	153	57	25	2.28	15	7	2	73	18	55
Michael_Lake	26	328	0.70	0.19	76	21	20	1.05	7	10	2	35	8	27
Craig_McGee_Jr.	27	796	1.34	0.40	366	151	97	1.56	29	56	3	141	9	132
Charlie_Aimone	27	675	1	0.22	319	42	35	1.20	13	14	4	88	15	73
Charlie_Klein	2	3	0	0	0	0	0	-	0	0	0	0	0	0
Kyle_Steckel	25	241	0.49	0.18	39	28	17	1.65	3	11	0	15	0	15
Joshua_Richey	6	14	0.54	0.50	2	1	0	-	0	0	0	3	2	1
Nick_McGrail	27	545	0.78	0.31	165	18	19	0.95	11	7	1	111	37	74
Ryuji_Aoki	27	413	1.19	0.06	263	23	38	0.61	7	18	1	36	4	32
Luke_Callahan	11	173	1.46	0.40	95	4	16	0.25	7	9	8	48	16	32
Eli_Combs	26	345	0.67	0.18	116	8	26	0.31	3	9	5	60	21	39
JT_Whitaker	22	108	0.79	0.28	29	3	5	0.60	2	2	4	15	7	8
Zach_Callahan	1	2	-1	-1	0	0	1	0	0	1	0	0	0	0
John_Czarnecki	27	665	1.14	0.33	279	22	32	0.69	6	12	29	132	37	95
Trey_Wurtz	3	8	0.39	0.50	0	1	0	-	0	0	0	1	1	0
Taylor_Heil	4	14	1.33	0.57	4	1	1	1	0	0	0	6	2	4
#100_Aaron_Eldridge	1	1	0	0	0	0	0	-	0	0	0	0	0	0
Team_Totals	27	565	0.94	0.27	1958	395	355	1.12	113	163	67	804	193	611

Rose-Hulman_1
Trey_Sykes	20	22	11	11	50%	50%	18	11	7	61.1%	4	0	4	0%	19	11	8	57.9%	2	14	14
David_Saadatnezhadi	3	6	1	5	16.7%	16.7%	2	1	1	50%	4	0	4	0%	0	0	0	-	0	0	0
Jacob_Back	24	26	7	19	26.9%	26.9%	25	7	18	28%	1	0	1	0%	14	3	11	21.4%	2	13	30
Stephen_Schueth	27	129	47	82	36.4%	47.3%	50	19	31	38%	79	28	51	35.4%	39	31	8	79.5%	2	30	52
Michael_Lake	26	46	22	24	47.8%	57.6%	25	13	12	52%	21	9	12	42.9%	27	23	4	85.2%	2	22	27
Craig_McGee_Jr.	27	235	127	108	54%	57.9%	191	109	82	57.1%	44	18	26	40.9%	123	94	29	76.4%	13	95	58
Charlie_Aimone	27	243	112	131	46.1%	55.4%	137	67	70	48.9%	106	45	61	42.4%	65	50	15	76.9%	7	45	29
Charlie_Klein	2	0	0	0	-	-	0	0	0	-	0	0	0	-	0	0	0	-	0	0	0
Kyle_Steckel	25	26	12	14	46.2%	57.7%	10	6	4	60%	16	6	10	37.5%	10	9	1	90%	0	9	15
Joshua_Richey	6	4	1	3	25%	25%	3	1	2	33.3%	1	0	1	0%	0	0	0	-	0	1	1
Nick_McGrail	27	127	60	67	47.2%	57.5%	65	34	31	52.3%	62	26	36	41.9%	25	19	6	76%	3	26	60
Ryuji_Aoki	27	197	82	115	41.6%	54.1%	83	33	50	39.8%	114	49	65	43%	52	50	2	96.2%	3	43	34
Luke_Callahan	11	58	37	21	63.8%	64.7%	51	36	15	70.6%	7	1	6	14.3%	30	20	10	66.7%	7	23	17
Eli_Combs	26	91	48	43	52.8%	56.6%	77	41	36	53.2%	14	7	7	50%	26	13	13	50%	5	28	24
JT_Whitaker	22	17	11	6	64.7%	64.7%	17	11	6	64.7%	0	0	0	-	15	7	8	46.7%	2	11	17
Zach_Callahan	1	0	0	0	-	-	0	0	0	-	0	0	0	-	0	0	0	-	0	0	0
John_Czarnecki	27	176	107	69	60.8%	62.5%	159	101	58	63.5%	17	6	11	35.3%	82	59	23	72%	7	62	50
Trey_Wurtz	3	1	0	1	0%	0%	1	0	1	0%	0	0	0	-	0	0	0	-	0	0	0
Taylor_Heil	4	3	1	2	33.3%	33.3%	3	1	2	33.3%	0	0	0	-	2	2	0	100%	0	1	1
#100_Aaron_Eldridge	1	0	0	0	-	-	0	0	0	-	0	0	0	-	0	0	0	-	0	0	0
Team_Totals	27	1407	686	721	48.8%	55.7%	917	491	426	53.5%	490	195	295	39.8%	529	391	138	73.9%	55	423	429
_
©2004-2018_Synergy_Sports_Technology,_LLC._All_Rights_Reserved
v-1.0.100	_	_