MSOE
Eddie_Harwick	5	7	1.44	0.57	3	1	0	-	0	0	0	2	0	2
Jason_Palesse	26	739	1.33	0.45	324	129	69	1.87	27	44	5	112	37	75
Luke_Nelson	19	107	0.52	0.40	13	9	10	0.90	9	3	0	22	5	17
Bailey_Mcdaniel	23	178	0.93	0.17	68	8	15	0.53	3	8	2	30	5	25
Brian_Dorn	26	285	0.52	0.15	60	20	27	0.74	5	12	0	35	13	22
Josh_Herzog	10	52	0.93	0.38	14	11	9	1.22	6	7	0	4	0	4
Matthew_Kirmse	26	740	1.10	0.26	418	30	22	1.36	15	7	3	122	15	107
Nolan_Henton	26	617	0.51	0.17	121	27	34	0.79	20	14	1	67	10	57
David_Llorente	11	22	-.05	-.32	5	0	4	0	0	2	0	1	0	1
Gabe_Wear	26	433	0.57	0.10	119	22	32	0.69	5	12	0	41	13	28
Sammy_Linn	24	302	0.94	0.37	123	33	51	0.65	18	19	14	73	12	61
Jake_Gebert	26	543	1.26	0.53	199	41	23	1.78	13	14	15	160	38	122
Matt_Powers	4	6	-1	-1	0	0	4	0	0	2	0	1	1	0
Travis_Ballard	26	295	1.03	0.30	147	2	9	0.22	5	5	11	55	15	40
Tegan_Miles	26	712	1.07	0.38	270	39	46	0.85	23	22	24	146	44	102
Anthony_Bartman	4	10	0.62	0.40	2	0	0	-	1	0	1	0	0	0
Lennart_Rieckmann	3	3	1.77	0	4	0	1	0	0	0	0	1	1	0
Team_Totals	26	490	0.95	0.31	1890	372	358	1.04	150	171	76	872	209	663

MSOE_1
Eddie_Harwick	5	2	1	1	50%	50%	2	1	1	50%	0	0	0	-	2	1	1	50%	0	1	0
Jason_Palesse	26	247	103	144	41.7%	45.8%	168	83	85	49.4%	79	20	59	25.3%	139	98	41	70.5%	5	102	40
Luke_Nelson	19	21	5	16	23.8%	26.2%	14	4	10	28.6%	7	1	6	14.3%	2	2	0	100%	0	4	20
Bailey_Mcdaniel	23	48	23	25	47.9%	52.1%	35	19	16	54.3%	13	4	9	30.8%	25	18	7	72%	3	18	27
Brian_Dorn	26	48	23	25	47.9%	49%	39	22	17	56.4%	9	1	8	11.1%	22	13	9	59.1%	3	20	31
Josh_Herzog	10	11	4	7	36.4%	40.9%	6	3	3	50%	5	1	4	20%	9	5	4	55.6%	0	4	3
Matthew_Kirmse	26	335	142	193	42.4%	55.2%	114	56	58	49.1%	221	86	135	38.9%	62	48	14	77.4%	7	62	30
Nolan_Henton	26	90	40	50	44.4%	53.9%	45	23	22	51.1%	45	17	28	37.8%	39	24	15	61.5%	2	32	46
David_Llorente	11	7	2	5	28.6%	28.6%	3	2	1	66.7%	4	0	4	0%	2	1	1	50%	0	4	5
Gabe_Wear	26	92	41	51	44.6%	53.3%	45	25	20	55.6%	47	16	31	34%	25	21	4	84%	1	20	40
Sammy_Linn	24	116	51	65	44%	47%	86	44	42	51.2%	30	7	23	23.3%	23	14	9	60.9%	5	25	70
Jake_Gebert	26	137	72	65	52.6%	54.4%	116	67	49	57.8%	21	5	16	23.8%	64	50	14	78.1%	5	53	34
Matt_Powers	4	0	0	0	-	-	0	0	0	-	0	0	0	-	0	0	0	-	0	0	2
Travis_Ballard	26	133	63	70	47.4%	48.5%	126	60	66	47.6%	7	3	4	42.9%	24	18	6	75%	3	19	35
Tegan_Miles	26	186	109	77	58.6%	58.6%	186	109	77	58.6%	0	0	0	-	78	52	26	66.7%	6	74	45
Anthony_Bartman	4	2	1	1	50%	50%	2	1	1	50%	0	0	0	-	0	0	0	-	0	0	2
Lennart_Rieckmann	3	3	2	1	66.7%	66.7%	3	2	1	66.7%	0	0	0	-	0	0	0	-	0	0	0
Team_Totals	26	1478	682	796	46.1%	51.6%	990	521	469	52.6%	488	161	327	33%	516	365	151	70.7%	40	438	430


_
©2004-2018_Synergy_Sports_Technology,_LLC._All_Rights_Reserved
v-1.0.100	_	_