MoodyBible
Keynan_Carter	5	47	1.57	0.55	27	6	9	0.67	9	4	4	6	0	6
Aaron_Brown	3	1	-.50	-1	2	0	1	0	0	0	0	1	0	1
Kent_Hinrichsen	3	23	2.41	1.26	12	1	2	0.50	3	0	5	11	4	7
Levi_Miller	5	105	0.92	0.21	62	10	10	1	2	6	1	15	1	14
Jonah_Wilson	5	49	0.59	0.29	17	2	5	0.40	4	2	0	8	4	4
Joseph_Shidler	4	30	0.10	0	11	4	6	0.67	0	4	0	3	1	2
Zachary_Daniels	3	1	-2	-2	0	0	1	0	0	1	0	0	0	0
Jeremiah_Ransom	4	7	0.29	0.29	0	2	2	1	0	1	0	2	0	2
David_Arabis	5	104	0.88	0.43	49	24	21	1.14	6	14	0	22	5	17
Jacob_Kim	4	75	0.51	0.27	18	2	4	0.50	4	4	0	13	3	10
Mitchell_Giedd	3	1	1	1	0	0	0	-	0	0	0	1	0	1
Joshua_Wedeven	5	102	1.72	0.27	88	8	20	0.40	3	12	6	30	4	26
Jonathan_Raub	4	55	0.91	0.35	19	6	7	0.86	0	2	2	13	4	9
Team_Totals	5	120	1.02	0.34	305	65	92	0.74	31	50	18	125	26	99

MoodyBible_1
Keynan_Carter	5	23	9	14	39.1%	39.1%	22	9	13	40.9%	1	0	1	0%	21	9	12	42.9%	1	16	8
Aaron_Brown	3	4	1	3	25%	25%	3	1	2	33.3%	1	0	1	0%	0	0	0	-	0	0	1
Kent_Hinrichsen	3	9	4	5	44.4%	44.4%	9	4	5	44.4%	0	0	0	-	4	4	0	100%	0	3	5
Levi_Miller	5	61	22	39	36.1%	47.5%	24	8	16	33.3%	37	14	23	37.8%	5	4	1	80%	1	5	12
Jonah_Wilson	5	18	7	11	38.9%	47.2%	12	4	8	33.3%	6	3	3	50%	2	0	2	0%	0	2	4
Joseph_Shidler	4	21	4	17	19%	26.2%	6	1	5	16.7%	15	3	12	20%	0	0	0	-	0	1	3
Zachary_Daniels	3	0	0	0	-	-	0	0	0	-	0	0	0	-	0	0	0	-	0	0	0
Jeremiah_Ransom	4	0	0	0	-	-	0	0	0	-	0	0	0	-	0	0	0	-	0	0	0
David_Arabis	5	49	18	31	36.7%	50%	23	5	18	21.7%	26	13	13	50%	4	0	4	0%	0	3	8
Jacob_Kim	4	15	7	8	46.7%	60%	7	3	4	42.9%	8	4	4	50%	4	0	4	0%	0	3	4
Mitchell_Giedd	3	0	0	0	-	-	0	0	0	-	0	0	0	-	0	0	0	-	0	0	0
Joshua_Wedeven	5	74	29	45	39.2%	48%	44	16	28	36.4%	30	13	17	43.3%	21	17	4	81%	0	16	15
Jonathan_Raub	4	18	7	11	38.9%	41.7%	16	6	10	37.5%	2	1	1	50%	5	4	1	80%	1	4	12
Team_Totals	5	292	108	184	37%	45.7%	166	57	109	34.3%	126	51	75	40.5%	66	38	28	57.6%	3	53	72
_
©2004-2018_Synergy_Sports_Technology,_LLC._All_Rights_Reserved
v-1.0.100	_	_