WheatonIL
Aston_Francis	26	900	1.70	0.30	712	115	96	1.20	37	38	6	124	18	106
Kobe_Eichelberger	26	620	1.37	0.42	320	35	35	1	16	12	6	167	47	120
Trevor_Gunter	24	427	0.83	0.34	112	14	18	0.78	7	9	20	74	26	48
Zac_Holman	11	59	0.65	0.31	12	5	4	1.25	1	3	1	9	3	6
Tyrel_Derrick	14	63	1.03	0.37	18	5	6	0.83	4	0	2	12	1	11
Zack_Kvam	26	440	0.54	0.28	67	63	32	1.97	7	17	4	33	6	27
Cade_Alioth	22	155	0.89	0.52	33	9	2	4.50	5	1	2	39	14	25
Ricky_Samuelson	26	838	1.04	0.19	407	24	27	0.89	19	8	1	98	28	70
Jay_Spencer	26	508	0.97	0.45	146	22	19	1.16	6	4	34	112	31	81
Jack_Bennett	3	11	1.12	0.64	4	2	1	2	0	1	0	3	2	1
Reagan_Jones	8	30	0.77	0.47	9	1	1	1	2	1	0	8	2	6
Mark_Champion	9	22	0.83	0.36	14	2	1	2	0	1	0	5	1	4
Luke_Peters	26	821	0.79	0.46	164	114	55	2.07	30	32	16	129	37	92
Spencer_Peterson	24	347	0.86	0.27	119	10	21	0.48	5	7	6	67	26	41
Gavin_Hawkins	3	10	0.72	0.20	5	0	0	-	0	0	0	1	1	0
Team_Totals	26	570	1.06	0.34	2142	421	320	1.32	139	134	98	881	243	638

WheatonIL_1
Aston_Francis	26	539	224	315	41.6%	52.8%	208	103	105	49.5%	331	121	210	36.6%	174	143	31	82.2%	8	120	43
Kobe_Eichelberger	26	211	115	96	54.5%	59.5%	152	94	58	61.8%	59	21	38	35.6%	114	69	45	60.5%	13	82	68
Trevor_Gunter	24	73	45	28	61.6%	61.6%	73	45	28	61.6%	0	0	0	-	32	22	10	68.8%	4	24	45
Zac_Holman	11	11	3	8	27.3%	40.9%	2	0	2	0%	9	3	6	33.3%	4	3	1	75%	0	2	6
Tyrel_Derrick	14	7	5	2	71.4%	85.7%	3	3	0	100%	4	2	2	50%	10	6	4	60%	0	10	5
Zack_Kvam	26	50	22	28	44%	55%	19	11	8	57.9%	31	11	20	35.5%	17	12	5	70.6%	0	20	39
Cade_Alioth	22	19	14	5	73.7%	73.7%	19	14	5	73.7%	0	0	0	-	11	5	6	45.4%	3	8	30
Ricky_Samuelson	26	268	142	126	53%	64%	152	83	69	54.6%	116	59	57	50.9%	72	64	8	88.9%	4	54	30
Jay_Spencer	26	117	49	68	41.9%	48.3%	56	34	22	60.7%	61	15	46	24.6%	45	33	12	73.3%	3	29	85
Jack_Bennett	3	3	2	1	66.7%	66.7%	3	2	1	66.7%	0	0	0	-	0	0	0	-	0	0	1
Reagan_Jones	8	9	4	5	44.4%	50%	4	3	1	75%	5	1	4	20%	1	0	1	0%	1	1	2
Mark_Champion	9	20	6	14	30%	35%	6	4	2	66.7%	14	2	12	14.3%	0	0	0	-	0	0	2
Luke_Peters	26	128	61	67	47.7%	48.8%	117	58	59	49.6%	11	3	8	27.3%	89	39	50	43.8%	3	75	71
Spencer_Peterson	24	94	42	52	44.7%	50.5%	48	31	17	64.6%	46	11	35	23.9%	35	24	11	68.6%	3	28	63
Gavin_Hawkins	3	5	2	3	40%	50%	3	1	2	33.3%	2	1	1	50%	0	0	0	-	0	0	0
Team_Totals	26	1554	736	818	47.4%	55.4%	865	486	379	56.2%	689	250	439	36.3%	604	420	184	69.5%	42	453	490
_
©2004-2018_Synergy_Sports_Technology,_LLC._All_Rights_Reserved
v-1.0.100	_	_