




nopix	_	_	nopix

Cumulative_Box_Score/College_Men_-_Carroll_(WI)_Pioneers	Change
Team
Offensive	Defensive	Cumulative_Box	_	_
Report_Contents	Print_Possessions_/_Game
Season:_2017-2018	Team:	Date_Range:_11/17/2017_to_02/20/2018	Report_Generated:_09/22/2018


Carroll
Justin_Gruber	8	43	0.31	0.21	5	3	1	3	2	1	0	1	0	1
Nick_Penny	25	568	0.79	0.20	176	21	17	1.24	22	3	4	42	10	32
Troy_Howat	24	355	0.70	0.16	124	10	10	1	7	5	0	38	5	33
Ryan_Clarey	22	238	0.70	0.20	70	18	21	0.86	11	10	2	23	4	19
Ben_Widdes	6	181	0.75	0.18	60	11	16	0.69	6	9	0	26	4	22
Michael_Keane	14	51	0.27	0.14	6	3	2	1.50	0	0	0	4	1	3
Alec_Hamilton	23	152	0.86	0.16	47	4	11	0.36	3	4	1	27	4	23
Tanner_Zaeske	25	660	0.81	0.23	270	24	21	1.14	12	12	3	92	23	69
Joel_Heesch	25	717	1.14	0.39	302	111	87	1.28	28	40	5	135	32	103
Cory_Nies	16	66	0.38	0.15	8	1	4	0.25	3	2	0	10	0	10
Joey_Archer	9	49	0.57	0.27	10	1	1	1	0	0	0	10	3	7
Anthony_Marlowe	20	216	0.97	0.43	63	33	24	1.38	11	7	4	31	14	17
Marty_Langhenry	5	12	0.44	0.33	2	1	1	1	0	1	0	2	2	0
Charlie_Soule	25	342	1.39	0.39	152	15	13	1.15	17	8	0	76	21	55
Ray_Pierce	19	309	0.78	0.20	122	16	26	0.62	9	13	2	50	11	39
Ej_Weems	1	2	0	0	0	0	0	-	0	0	0	0	0	0
Caleb_Thomas	2	3	-.30	0	0	0	0	-	0	0	0	0	0	0
David_Anilus	1	1	0	0	0	0	0	-	0	0	0	0	0	0
Tyler_Barman	5	16	0.13	-.19	3	1	3	0.33	0	0	0	1	0	1
Kale_Maupin	25	527	0.65	0.25	122	17	18	0.94	13	3	1	80	24	56
Tarren_Hall	5	10	1.08	0.30	5	0	0	-	0	0	1	1	0	1
Tyler_Ingebrigtsen	25	502	1.12	0.21	244	24	46	0.52	13	13	15	75	20	55


Carroll_1
Justin_Gruber	8	9	2	7	22.2%	22.2%	4	2	2	50%	5	0	5	0%	2	1	1	50%	0	1	2
Nick_Penny	25	99	54	45	54.6%	71.7%	32	20	12	62.5%	67	34	33	50.7%	38	34	4	89.5%	3	28	71
Troy_Howat	24	90	42	48	46.7%	61.1%	34	16	18	47.1%	56	26	30	46.4%	17	14	3	82.4%	1	14	34
Ryan_Clarey	22	49	26	23	53.1%	61.2%	27	18	9	66.7%	22	8	14	36.4%	11	10	1	90.9%	1	10	16
Ben_Widdes	6	60	20	40	33.3%	36.7%	32	16	16	50%	28	4	24	14.3%	23	16	7	69.6%	2	18	8
Michael_Keane	14	8	2	6	25%	31.2%	3	1	2	33.3%	5	1	4	20%	2	1	1	50%	0	1	1
Alec_Hamilton	23	29	15	14	51.7%	51.7%	28	15	13	53.6%	1	0	1	0%	27	17	10	63%	2	16	15
Tanner_Zaeske	25	237	92	145	38.8%	50.8%	79	35	44	44.3%	158	57	101	36.1%	36	29	7	80.6%	5	25	35
Joel_Heesch	25	238	116	122	48.7%	50.2%	212	109	103	51.4%	26	7	19	26.9%	89	63	26	70.8%	7	86	68
Cory_Nies	16	6	2	4	33.3%	50%	0	0	0	-	6	2	4	33.3%	2	2	0	100%	0	1	7
Joey_Archer	9	11	3	8	27.3%	36.4%	4	1	3	25%	7	2	5	28.6%	2	2	0	100%	0	1	2
Anthony_Marlowe	20	39	26	13	66.7%	66.7%	39	26	13	66.7%	0	0	0	-	16	11	5	68.8%	1	13	35
Marty_Langhenry	5	3	1	2	33.3%	33.3%	3	1	2	33.3%	0	0	0	-	0	0	0	-	0	0	0
Charlie_Soule	25	93	51	42	54.8%	54.8%	93	51	42	54.8%	0	0	0	-	66	50	16	75.8%	5	39	22
Ray_Pierce	19	101	52	49	51.5%	52.5%	91	50	41	55%	10	2	8	20%	36	16	20	44.4%	2	30	38
Ej_Weems	1	0	0	0	-	-	0	0	0	-	0	0	0	-	0	0	0	-	0	0	0
Caleb_Thomas	2	1	0	1	0%	0%	1	0	1	0%	0	0	0	-	0	0	0	-	0	0	0
David_Anilus	1	0	0	0	-	-	0	0	0	-	0	0	0	-	0	0	0	-	0	0	1
Tyler_Barman	5	3	1	2	33.3%	33.3%	3	1	2	33.3%	0	0	0	-	2	1	1	50%	0	1	5
Kale_Maupin	25	90	43	47	47.8%	53.9%	63	32	31	50.8%	27	11	16	40.7%	44	25	19	56.8%	5	39	59
Tarren_Hall	5	2	2	0	100%	125%	1	1	0	100%	1	1	0	100%	0	0	0	-	0	1	1
Tyler_Ingebrigtsen	25	184	91	93	49.5%	51.1%	163	85	78	52.2%	21	6	15	28.6%	73	56	17	76.7%	11	61	59
