




nopix	_	_	nopix

Cumulative_Box_Score/College_Men_-_Aurora_University	Change
Team
Offensive	Defensive	Cumulative_Box	_	_
Report_Contents	Print_Possessions_/_Game
Season:_2017-2018	Team:	Date_Range:_11/17/2017_to_03/03/2018	Report_Generated:_09/22/2018


Aurora
Demetrius_Pointer	18	110	0.76	0.35	38	9	14	0.64	15	10	1	14	3	11
Max_Vickers	29	959	1.09	0.26	467	39	59	0.66	14	21	7	206	39	167
Matt_Dunn	29	982	1.11	0.51	333	153	35	4.37	36	14	11	139	29	110
Nick_Chambers	22	213	0.47	0.15	54	3	9	0.33	3	4	1	26	9	17
Justin_Galusha	15	67	0.29	0.24	11	3	4	0.75	1	1	0	12	4	8
Marcus_Myers	29	978	1.49	0.41	603	93	77	1.21	52	34	7	211	40	171
Chris_Mahoney	21	86	0.36	0.16	15	4	7	0.57	2	3	2	10	2	8
Bailey_Vance	4	40	0.99	0.48	11	3	0	-	2	0	0	7	2	5
Bryce_Pedrin	3	4	3.13	1	2	1	0	-	0	0	0	2	0	2
Ben_Bowen	6	26	0.29	0	8	0	1	0	1	1	0	0	0	0
Sean_Davis	9	123	1.14	0.43	57	6	6	1	11	3	2	20	7	13
Ty_Carlson	29	937	1.17	0.34	420	60	25	2.40	25	6	9	140	42	98
Pat_Kramp	29	569	0.65	0.15	182	21	27	0.78	18	14	1	54	8	46
Henry_Hudson	9	29	0.49	0.48	4	1	3	0.33	1	1	0	10	6	4
Jacob_Buchner	11	28	0.27	0.11	6	0	2	0	0	0	0	5	2	3
Mike_Finley	14	41	1.11	0.39	14	4	2	2	0	1	1	7	3	4
Shane_Murray	21	140	0.58	0.29	30	2	14	0.14	1	5	6	40	10	30
Rashad_Johnson	5	5	1.33	0.40	3	0	0	-	0	0	0	1	1	0
Garrett_Hoffman	17	124	0.72	0.34	38	8	5	1.60	2	3	5	16	6	10
Justin_Wierzgac	26	382	0.57	0.19	112	7	19	0.37	12	7	6	53	8	45
Ethan_Conroy	3	6	0.67	0.67	0	1	0	-	0	0	0	2	0	2
Marquis_Howard	1	2	0	0	0	0	0	-	0	0	0	0	0	0


Aurora_1
Demetrius_Pointer	18	35	19	16	54.3%	54.3%	33	19	14	57.6%	2	0	2	0%	0	0	0	-	0	1	14
Max_Vickers	29	348	168	180	48.3%	55.6%	200	117	83	58.5%	148	51	97	34.5%	110	80	30	72.7%	15	80	81
Matt_Dunn	29	245	125	120	51%	55.1%	193	105	88	54.4%	52	20	32	38.5%	82	63	19	76.8%	8	58	41
Nick_Chambers	22	66	17	49	25.8%	34.1%	22	6	16	27.3%	44	11	33	25%	12	9	3	75%	0	7	13
Justin_Galusha	15	21	5	16	23.8%	26.2%	11	4	7	36.4%	10	1	9	10%	0	0	0	-	0	1	7
Marcus_Myers	29	458	232	226	50.6%	53.7%	343	204	139	59.5%	115	28	87	24.3%	150	111	39	74%	14	120	85
Chris_Mahoney	21	15	5	10	33.3%	46.7%	1	1	0	100%	14	4	10	28.6%	3	1	2	33.3%	0	2	9
Bailey_Vance	4	9	3	6	33.3%	44.4%	3	1	2	33.3%	6	2	4	33.3%	4	3	1	75%	0	2	6
Bryce_Pedrin	3	0	0	0	-	-	0	0	0	-	0	0	0	-	3	2	1	66.7%	0	2	0
Ben_Bowen	6	9	3	6	33.3%	44.4%	1	1	0	100%	8	2	6	25%	0	0	0	-	0	0	1
Sean_Davis	9	45	21	24	46.7%	53.3%	29	15	14	51.7%	16	6	10	37.5%	19	9	10	47.4%	1	14	18
Ty_Carlson	29	284	132	152	46.5%	58.4%	117	64	53	54.7%	167	68	99	40.7%	111	88	23	79.3%	6	72	56
Pat_Kramp	29	154	59	95	38.3%	50.6%	37	21	16	56.8%	117	38	79	32.5%	32	26	6	81.2%	1	18	62
Henry_Hudson	9	7	2	5	28.6%	28.6%	7	2	5	28.6%	0	0	0	-	2	0	2	0%	0	2	9
Jacob_Buchner	11	8	2	6	25%	37.5%	0	0	0	-	8	2	6	25%	0	0	0	-	0	1	3
Mike_Finley	14	11	4	7	36.4%	36.4%	9	4	5	44.4%	2	0	2	0%	12	6	6	50%	0	6	3
Shane_Murray	21	28	13	15	46.4%	46.4%	28	13	15	46.4%	0	0	0	-	9	4	5	44.4%	3	10	30
Rashad_Johnson	5	1	1	0	100%	150%	0	0	0	-	1	1	0	100%	0	0	0	-	0	0	1
Garrett_Hoffman	17	38	13	25	34.2%	46.1%	9	4	5	44.4%	29	9	20	31%	4	3	1	75%	0	2	14
Justin_Wierzgac	26	107	42	65	39.2%	46.7%	58	26	32	44.8%	49	16	33	32.6%	25	12	13	48%	3	23	64
Ethan_Conroy	3	0	0	0	-	-	0	0	0	-	0	0	0	-	0	0	0	-	0	0	1
Marquis_Howard	1	0	0	0	-	-	0	0	0	-	0	0	0	-	0	0	0	-	0	0	0

_
©2004-2018_Synergy_Sports_Technology,_LLC._All_Rights_Reserved
v-1.0.163	_	_