Concordia-WI
Noah_Gosse	25	398	0.95	0.28	156	15	37	0.41	25	16	1	93	11	82
Jose_Alicea	7	14	0.94	0.50	5	4	2	2	0	2	0	3	0	3
Isaiah_Tenette	26	369	0.60	0.35	67	39	17	2.29	15	9	3	44	4	40
Jake_Jurss	24	634	1.13	0.45	257	82	30	2.73	33	17	2	97	13	84
George_Olalekan	26	254	1.18	0.30	109	6	27	0.22	15	9	8	56	16	40
Nolan_Rhey	3	2	3.65	1	4	0	0	-	0	0	0	1	1	0
Jason_Klug	7	12	1.36	0.42	7	0	2	0	1	2	0	5	2	3
Braden_Persinger	2	5	0.02	0.20	0	0	0	-	0	0	0	1	0	1
Matthew_Myers	21	201	0.46	0.19	33	12	13	0.92	7	4	1	19	5	14
Dane_Fronek	27	289	1.04	0.29	127	12	16	0.75	2	5	8	53	19	34
Andrew_Fratzke	27	695	1.09	0.46	276	33	50	0.66	15	21	41	188	55	133
Jordan_Johnson	27	667	1.32	0.27	407	42	62	0.68	13	23	14	147	21	126
Julien_Addison	3	6	0.38	0.67	0	1	0	-	1	0	0	0	0	0
Joey_Zietlow	15	72	0.85	0.46	16	4	4	1	5	2	2	13	6	7
Matt_Ulrich	15	224	0.50	0.35	25	24	10	2.40	13	5	1	20	3	17
Jacob_Lord	9	33	1.49	0.39	19	0	1	0	1	0	1	8	3	5
Josh_Erickson	27	572	0.73	0.20	190	41	59	0.69	20	23	4	83	20	63
Josh_Hau	27	753	1.31	0.21	455	50	68	0.74	28	42	1	120	19	101


Concordia-WI_1
Noah_Gosse	25	114	57	57	50%	57.9%	69	39	30	56.5%	45	18	27	40%	28	24	4	85.7%	2	23	45
Jose_Alicea	7	4	2	2	50%	62.5%	1	1	0	100%	3	1	2	33.3%	0	0	0	-	0	0	1
Isaiah_Tenette	26	65	28	37	43.1%	44.6%	51	26	25	51%	14	2	12	14.3%	15	9	6	60%	2	10	20
Jake_Jurss	24	193	83	110	43%	56%	62	33	29	53.2%	131	50	81	38.2%	45	41	4	91.1%	6	42	29
George_Olalekan	26	70	39	31	55.7%	55.7%	70	39	31	55.7%	0	0	0	-	48	31	17	64.6%	4	36	41
Nolan_Rhey	3	3	2	1	66.7%	66.7%	3	2	1	66.7%	0	0	0	-	0	0	0	-	0	0	0
Jason_Klug	7	5	3	2	60%	60%	5	3	2	60%	0	0	0	-	2	1	1	50%	0	1	3
Braden_Persinger	2	1	0	1	0%	0%	1	0	1	0%	0	0	0	-	0	0	0	-	0	0	1
Matthew_Myers	21	29	11	18	37.9%	46.6%	14	6	8	42.9%	15	5	10	33.3%	7	6	1	85.7%	0	6	21
Dane_Fronek	27	95	53	42	55.8%	55.8%	95	53	42	55.8%	0	0	0	-	29	21	8	72.4%	2	24	37
Andrew_Fratzke	27	199	123	76	61.8%	61.8%	199	123	76	61.8%	0	0	0	-	52	30	22	57.7%	6	41	54
Jordan_Johnson	27	310	145	165	46.8%	54.4%	193	98	95	50.8%	117	47	70	40.2%	80	70	10	87.5%	7	73	58
Julien_Addison	3	2	0	2	0%	0%	1	0	1	0%	1	0	1	0%	0	0	0	-	0	0	1
Joey_Zietlow	15	13	6	7	46.2%	50%	8	5	3	62.5%	5	1	4	20%	3	3	0	100%	1	3	10
Matt_Ulrich	15	24	11	13	45.8%	47.9%	20	10	10	50%	4	1	3	25%	3	2	1	66.7%	1	7	20
Jacob_Lord	9	11	8	3	72.7%	72.7%	10	8	2	80%	1	0	1	0%	3	3	0	100%	1	2	6
Josh_Erickson	27	181	65	116	35.9%	42.5%	97	41	56	42.3%	84	24	60	28.6%	45	36	9	80%	4	36	68
Josh_Hau	27	346	153	193	44.2%	51.7%	205	101	104	49.3%	141	52	89	36.9%	115	97	18	84.4%	9	83	66

_
©2004-2018_Synergy_Sports_Technology,_LLC._All_Rights_Reserved
v-1.0.163	_	_