




nopix	_	_	nopix

Cumulative_Box_Score/College_Men_-_Marian_University_(WI)_Sabres	Change
Team
Offensive	Defensive	Cumulative_Box	_	_
Report_Contents	Print_Possessions_/_Game
Season:_2017-2018	Team:	Date_Range:_11/17/2017_to_02/17/2018	Report_Generated:_09/22/2018


Marian
Will_Polczynski	24	326	0.63	0.30	83	15	21	0.71	3	8	9	67	18	49
Julian_Lynch	7	16	0.31	0.13	3	1	2	0.50	1	1	0	2	0	2
Tyrese_Pinson	25	684	0.95	0.45	223	65	31	2.10	60	18	1	89	28	61
Taylor_Rahn	23	311	0.57	0.21	72	20	16	1.25	9	7	2	30	4	26
Will_Olewinski	24	343	0.74	0.31	132	14	12	1.17	14	7	6	49	15	34
Tavaris_Mccullough	24	357	0.79	0.24	132	35	32	1.09	17	19	4	34	5	29
Caleb_Martin	11	16	0.93	0.31	8	0	2	0	1	2	0	6	1	5
Dillon_Hoselton	1	1	0	0	0	0	0	-	0	0	0	0	0	0
Noah_Knudsen	13	54	0.36	-.02	14	1	3	0.33	0	1	0	3	0	3
Justin_Wilson	7	101	0.42	0.20	28	3	6	0.50	4	2	2	9	5	4
Alex_Manhardt	23	655	1.50	0.50	336	41	71	0.58	16	26	31	230	63	167
Coy_Paulson	14	67	0.14	0.10	4	2	3	0.67	1	1	0	6	1	5
Matt_Shaw	14	61	0.51	0.25	14	7	4	1.75	1	4	1	5	0	5
Marcus_Kadinger	14	72	0.49	0.15	17	2	5	0.40	1	2	2	10	1	9
Ryan_Biffert	15	290	0.64	0.31	68	18	15	1.20	11	9	0	40	23	17
Kelvin_Jones	21	439	0.94	0.37	165	33	26	1.27	38	16	3	54	11	43
Logan_Hamilton	15	207	1.07	0.19	98	11	23	0.48	5	8	2	35	14	21
Tristan_Ess	23	368	1.05	0.41	154	10	12	0.83	7	6	18	81	24	57
Trentin_Fouse	22	319	0.62	0.17	73	8	12	0.67	6	4	2	39	7	32
Danny_Duchaj	7	19	0.52	0.37	1	3	3	1	0	2	1	4	1	3
Evan_Hansen	18	377	1.03	0.27	162	38	30	1.27	17	11	0	43	8	35
Myles_Cochran	6	17	0.83	0	10	0	1	0	0	0	0	1	1	0


Marian_1
Will_Polczynski	24	79	38	41	48.1%	48.1%	79	38	41	48.1%	0	0	0	-	12	7	5	58.3%	2	14	36
Julian_Lynch	7	3	1	2	33.3%	50%	1	0	1	0%	2	1	1	50%	0	0	0	-	0	0	2
Tyrese_Pinson	25	201	85	116	42.3%	46.8%	146	67	79	45.9%	55	18	37	32.7%	50	35	15	70%	3	34	45
Taylor_Rahn	23	76	23	53	30.3%	36.8%	32	13	19	40.6%	44	10	34	22.7%	20	16	4	80%	3	15	24
Will_Olewinski	24	122	47	75	38.5%	53.7%	18	10	8	55.6%	104	37	67	35.6%	3	1	2	33.3%	1	6	37
Tavaris_Mccullough	24	114	51	63	44.7%	49.6%	85	40	45	47.1%	29	11	18	37.9%	34	19	15	55.9%	5	23	36
Caleb_Martin	11	6	3	3	50%	66.7%	2	1	1	50%	4	2	2	50%	0	0	0	-	0	0	2
Dillon_Hoselton	1	0	0	0	-	-	0	0	0	-	0	0	0	-	0	0	0	-	0	0	0
Noah_Knudsen	13	12	4	8	33.3%	50%	1	0	1	0%	11	4	7	36.4%	3	2	1	66.7%	0	2	2
Justin_Wilson	7	36	12	24	33.3%	37.5%	22	9	13	40.9%	14	3	11	21.4%	5	1	4	20%	1	6	17
Alex_Manhardt	23	236	123	113	52.1%	52.1%	235	123	112	52.3%	1	0	1	0%	140	90	50	64.3%	9	110	53
Coy_Paulson	14	6	2	4	33.3%	33.3%	6	2	4	33.3%	0	0	0	-	0	0	0	-	0	1	10
Matt_Shaw	14	15	5	10	33.3%	43.3%	2	2	0	100%	13	3	10	23.1%	2	1	1	50%	0	1	6
Marcus_Kadinger	14	11	6	5	54.6%	72.7%	3	2	1	66.7%	8	4	4	50%	2	1	1	50%	0	1	8
Ryan_Biffert	15	80	24	56	30%	33.8%	52	18	34	34.6%	28	6	22	21.4%	21	14	7	66.7%	0	19	43
Kelvin_Jones	21	164	61	103	37.2%	41.5%	112	47	65	42%	52	14	38	26.9%	36	29	7	80.6%	4	35	55
Logan_Hamilton	15	70	32	38	45.7%	52.9%	48	22	26	45.8%	22	10	12	45.4%	37	24	13	64.9%	2	23	27
Tristan_Ess	23	132	62	70	47%	50.4%	99	53	46	53.5%	33	9	24	27.3%	30	21	9	70%	6	27	37
Trentin_Fouse	22	73	18	55	24.7%	32.2%	31	7	24	22.6%	42	11	31	26.2%	30	26	4	86.7%	1	17	25
Danny_Duchaj	7	1	0	1	0%	0%	1	0	1	0%	0	0	0	-	2	1	1	50%	0	1	0
Evan_Hansen	18	138	58	80	42%	44.6%	115	51	64	44.4%	23	7	16	30.4%	56	39	17	69.6%	3	40	41
Myles_Cochran	6	9	4	5	44.4%	50%	8	3	5	37.5%	1	1	0	100%	1	1	0	100%	1	1	4

_
©2004-2018_Synergy_Sports_Technology,_LLC._All_Rights_Reserved
v-1.0.163	_	_