




nopix	_	_	nopix

Cumulative_Box_Score/College_Men_-_Concordia_(Chicago)_Cougars	Change
Team
Offensive	Defensive	Cumulative_Box	_	_
Report_Contents	Print_Possessions_/_Game
Season:_2017-2018	Team:	Date_Range:_11/18/2017_to_02/17/2018	Report_Generated:_09/22/2018


Concordia-CHI
Immanuel_Oby	22	138	0.72	0.17	34	8	16	0.50	4	3	3	20	5	15
Sawyer_Concklin	24	177	0.53	0.12	66	5	15	0.33	4	6	0	23	11	12
Jamaal_Thomas	6	25	0.73	-.08	9	1	6	0.17	2	3	0	3	1	2
Justin_Schwarz	19	416	0.86	0.16	158	15	30	0.50	10	19	2	57	17	40
Mitch_Pelissier	25	795	1.31	0.30	494	74	64	1.16	36	33	3	123	19	104
Henry_Woo_Jr	22	434	0.78	0.15	204	46	45	1.02	15	22	0	25	8	17
Neil_O'Donnell	25	515	0.49	0.34	70	52	31	1.68	23	22	2	70	12	58
Jalen_Meeks	13	293	1.18	0.47	139	12	10	1.20	22	4	2	64	21	43
Sheldon_Moore	21	162	0.80	0.31	57	12	5	2.40	8	6	1	18	1	17
Kenta_Jones	22	120	0.28	0.26	10	4	6	0.67	8	2	0	16	3	13
Zach_Burk	7	25	0.44	0.08	7	1	3	0.33	0	1	0	4	2	2
Israel_Dosie	7	180	1.09	0.27	66	22	15	1.47	5	3	2	19	2	17
Richard_Rapp	1	1	9.30	0	2	0	0	-	0	0	0	0	0	0
Jamal_Turner	5	9	2.12	1	5	1	0	-	1	0	1	2	1	1
Jarek_Hotwagner	7	193	1.03	0.37	80	9	18	0.50	4	9	3	56	19	37
Chad_Abbadessa	10	39	0.50	0.33	6	1	1	1	2	0	0	6	3	3
Hassan_Basbous	24	230	0.86	0.40	57	12	12	1	5	5	2	53	26	27
Joel_Childers	3	8	1.31	0.25	6	1	0	-	0	0	0	0	0	0
Jonathan_Wilson	25	574	1.10	0.36	268	19	58	0.33	16	20	21	153	55	98
Justin_Mack	16	163	0.84	0.25	57	2	8	0.25	1	3	2	35	12	23
Jon_Beaver	7	92	0.72	0.09	26	1	9	0.11	1	4	2	14	4	10
Rodrigo_Nava	2	22	0.08	0.18	2	3	6	0.50	0	3	3	4	0	4
Louis_Fernando	6	14	1.64	0.50	6	2	2	1	1	3	0	4	1	3


Concordia-CHI_1
Immanuel_Oby	22	21	11	10	52.4%	52.4%	19	11	8	57.9%	2	0	2	0%	18	12	6	66.7%	1	20	16
Sawyer_Concklin	24	63	23	40	36.5%	51.6%	8	4	4	50%	55	19	36	34.6%	2	1	1	50%	0	2	19
Jamaal_Thomas	6	3	3	0	100%	116.7%	2	2	0	100%	1	1	0	100%	2	2	0	100%	0	2	3
Justin_Schwarz	19	126	50	76	39.7%	47.6%	74	30	44	40.5%	52	20	32	38.5%	47	38	9	80.8%	3	29	34
Mitch_Pelissier	25	419	182	237	43.4%	48.9%	277	136	141	49.1%	142	46	96	32.4%	110	84	26	76.4%	19	99	63
Henry_Woo_Jr	22	194	75	119	38.7%	47.7%	96	40	56	41.7%	98	35	63	35.7%	21	19	2	90.5%	0	21	26
Neil_O'Donnell	25	79	29	50	36.7%	41.1%	48	22	26	45.8%	31	7	24	22.6%	12	5	7	41.7%	1	13	58
Jalen_Meeks	13	124	55	69	44.4%	48.4%	96	45	51	46.9%	28	10	18	35.7%	26	19	7	73.1%	4	19	36
Sheldon_Moore	21	58	20	38	34.5%	41.4%	29	12	17	41.4%	29	8	21	27.6%	15	9	6	60%	0	11	14
Kenta_Jones	22	20	4	16	20%	25%	9	2	7	22.2%	11	2	9	18.2%	0	0	0	-	0	1	14
Zach_Burk	7	7	2	5	28.6%	42.9%	2	0	2	0%	5	2	3	40%	2	1	1	50%	0	1	2
Israel_Dosie	7	42	21	21	50%	53.6%	29	18	11	62.1%	13	3	10	23.1%	24	21	3	87.5%	2	15	15
Richard_Rapp	1	0	0	0	-	-	0	0	0	-	0	0	0	-	2	2	0	100%	0	0	0
Jamal_Turner	5	3	2	1	66.7%	66.7%	2	2	0	100%	1	0	1	0%	1	1	0	100%	1	2	0
Jarek_Hotwagner	7	67	30	37	44.8%	50%	49	23	26	46.9%	18	7	11	38.9%	19	13	6	68.4%	2	12	18
Chad_Abbadessa	10	6	3	3	50%	50%	6	3	3	50%	0	0	0	-	0	0	0	-	0	1	8
Hassan_Basbous	24	43	22	21	51.2%	51.2%	42	22	20	52.4%	1	0	1	0%	20	13	7	65%	0	14	43
Joel_Childers	3	3	2	1	66.7%	100%	0	0	0	-	3	2	1	66.7%	0	0	0	-	0	0	1
Jonathan_Wilson	25	232	110	122	47.4%	48.5%	217	105	112	48.4%	15	5	10	33.3%	58	43	15	74.1%	10	49	71
Justin_Mack	16	53	22	31	41.5%	41.5%	53	22	31	41.5%	0	0	0	-	19	13	6	68.4%	0	16	19
Jon_Beaver	7	18	8	10	44.4%	44.4%	18	8	10	44.4%	0	0	0	-	15	10	5	66.7%	1	6	7
Rodrigo_Nava	2	7	1	6	14.3%	14.3%	6	1	5	16.7%	1	0	1	0%	0	0	0	-	0	0	2
Louis_Fernando	6	5	1	4	20%	20%	3	1	2	33.3%	2	0	2	0%	7	4	3	57.1%	1	4	3

_
©2004-2018_Synergy_Sports_Technology,_LLC._All_Rights_Reserved
v-1.0.163	_	_