




nopix	_	_	nopix

Cumulative_Box_Score/College_Men_-_Edgewood_College_(WI)_Eagles	Change
Team
Offensive	Defensive	Cumulative_Box	_	_
Report_Contents	Print_Possessions_/_Game
Season:_2017-2018	Team:	Date_Range:_11/11/2017_to_02/23/2018	Report_Generated:_09/22/2018


Edgewood
Mcclain_Steffens	28	631	0.55	0.24	113	51	35	1.46	14	16	1	72	18	54
Sy_Staver	28	893	0.65	0.33	176	111	34	3.26	28	17	2	74	9	65
Charlie_Reuteman	14	24	0.18	0.25	0	1	0	-	2	0	0	0	0	0
Tyler_Lemke	13	228	0.79	0.35	77	24	20	1.20	4	9	9	35	10	25
Arik_Anderson	28	456	0.69	0.15	155	24	23	1.04	8	12	1	42	5	37
Jake_Negus	28	768	1.05	0.25	330	64	46	1.39	13	23	4	108	14	94
Ryan_Buss	19	74	0.27	0.24	5	1	1	1	1	0	0	13	3	10
Jacob_Miller	28	404	0.41	0.25	40	29	23	1.26	13	8	0	52	12	40
Drew_Freitag	9	75	0.29	-.05	22	3	6	0.50	1	4	0	0	0	0
Caleb_Holzman	6	6	0.18	0.33	0	0	0	-	1	0	0	0	0	0
Emil_Radisevic	27	677	1.15	0.35	292	35	40	0.88	10	14	7	169	44	125
Jake_Graf	8	14	0.33	-.14	6	0	1	0	0	1	0	0	0	0
Kyle_Geiger	19	92	0.73	0.29	31	4	1	4	0	1	0	19	2	17
Sam_Noyce	13	54	1.47	0.28	23	4	1	4	1	0	0	5	2	3
Travis_Kell	26	646	1.42	0.43	424	39	80	0.49	27	32	27	198	55	143
Will_Schwartz	7	4	1.83	1.25	2	1	0	-	1	0	0	1	0	1
Ben_Seefeld	28	404	1.10	0.18	211	5	25	0.20	7	11	3	69	23	46
Adam_Anhold	2	4	-.45	-.25	0	0	1	0	0	0	0	1	0	1
Noah_Wand	1	1	0.20	1	0	0	0	-	0	0	0	1	0	1
Sam_Fox	11	39	0.27	0.10	5	0	4	0	1	1	0	10	0	10
Nick_Lynch	2	1	0	0	0	0	0	-	0	0	0	0	0	0


Edgewood_1
Mcclain_Steffens	28	100	38	62	38%	44%	48	26	22	54.2%	52	12	40	23.1%	35	25	10	71.4%	2	30	82
Sy_Staver	28	165	59	106	35.8%	41.8%	93	39	54	41.9%	72	20	52	27.8%	60	38	22	63.3%	2	58	55
Charlie_Reuteman	14	2	0	2	0%	0%	2	0	2	0%	0	0	0	-	0	0	0	-	0	0	9
Tyler_Lemke	13	74	33	41	44.6%	46.6%	66	30	36	45.4%	8	3	5	37.5%	15	8	7	53.3%	1	18	34
Arik_Anderson	28	141	49	92	34.8%	44.7%	61	21	40	34.4%	80	28	52	35%	33	29	4	87.9%	0	26	34
Jake_Negus	28	261	99	162	37.9%	47.3%	126	50	76	39.7%	135	49	86	36.3%	109	83	26	76.1%	12	78	47
Ryan_Buss	19	11	2	9	18.2%	18.2%	10	2	8	20%	1	0	1	0%	2	1	1	50%	0	2	8
Jacob_Miller	28	43	13	30	30.2%	36%	18	8	10	44.4%	25	5	20	20%	13	9	4	69.2%	0	14	41
Drew_Freitag	9	20	7	13	35%	52.5%	5	0	5	0%	15	7	8	46.7%	2	1	1	50%	0	2	4
Caleb_Holzman	6	1	0	1	0%	0%	1	0	1	0%	0	0	0	-	0	0	0	-	0	0	0
Emil_Radisevic	27	209	114	95	54.6%	55.3%	203	111	92	54.7%	6	3	3	50%	80	61	19	76.2%	8	64	60
Jake_Graf	8	6	2	4	33.3%	41.7%	3	1	2	33.3%	3	1	2	33.3%	4	1	3	25%	0	2	0
Kyle_Geiger	19	30	13	17	43.3%	48.3%	15	10	5	66.7%	15	3	12	20%	2	2	0	100%	0	3	8
Sam_Noyce	13	17	5	12	29.4%	29.4%	17	5	12	29.4%	0	0	0	-	14	13	1	92.9%	0	9	5
Travis_Kell	26	369	180	189	48.8%	49.9%	333	172	161	51.6%	36	8	28	22.2%	85	56	29	65.9%	16	71	70
Will_Schwartz	7	1	1	0	100%	100%	1	1	0	100%	0	0	0	-	1	0	1	0%	0	1	0
Ben_Seefeld	28	163	84	79	51.5%	52.4%	156	81	75	51.9%	7	3	4	42.9%	49	40	9	81.6%	8	40	39
Adam_Anhold	2	1	0	1	0%	0%	0	0	0	-	1	0	1	0%	0	0	0	-	0	1	3
Noah_Wand	1	1	0	1	0%	0%	0	0	0	-	1	0	1	0%	0	0	0	-	0	0	0
Sam_Fox	11	5	2	3	40%	40%	5	2	3	40%	0	0	0	-	3	1	2	33.3%	0	3	10
Nick_Lynch	2	0	0	0	-	-	0	0	0	-	0	0	0	-	0	0	0	-	0	0	0

_
©2004-2018_Synergy_Sports_Technology,_LLC._All_Rights_Reserved
v-1.0.163	_	_